#      year    tas (K) 
 2015  288.105 
 2016  288.194 
 2017  288.141 
 2018  288.211 
 2019  288.419 
 2020  288.189 
 2021  288.392 
 2022  288.512 
 2023  288.507 
 2024  288.342 
 2025   288.31 
 2026  288.594 
 2027  288.629 
 2028  288.526 
 2029  288.591 
 2030  288.603 
 2031  288.534 
 2032  288.479 
 2033  288.842 
 2034  288.627 
 2035  288.585 
 2036  288.723 
 2037  288.763 
 2038  288.865 
 2039  288.959 
 2040  288.984 
 2041  288.856 
 2042  289.042 
 2043   289.16 
 2044  288.932 
 2045  289.098 
 2046  289.239 
 2047  289.192 
 2048  289.247 
 2049  289.246 
 2050  289.111 
 2051   289.27 
 2052  289.422 
 2053  289.558 
 2054  289.329 
 2055  289.327 
 2056   289.49 
 2057  289.769 
 2058  289.553 
 2059  289.654 
 2060  289.772 
 2061  289.978 
 2062  289.957 
 2063  289.827 
 2064  289.824 
 2065  289.929 
 2066   290.16 
 2067  290.058 
 2068  290.096 
 2069  290.299 
 2070  290.289 
 2071   290.22 
 2072  290.105 
 2073   290.27 
 2074  290.339 
 2075  290.568 
 2076   290.23 
 2077   290.56 
 2078  290.817 
 2079  290.793 
 2080  290.475 
 2081  290.616 
 2082  290.805 
 2083  290.947 
 2084   290.64 
 2085  290.824 
 2086      291 
 2087  290.927 
 2088  291.086 
 2089  291.277 
 2090  291.017 
 2091  291.047 
 2092    291.2 
 2093   291.46 
 2094  291.671 
 2095  291.297 
 2096  291.425 
 2097  291.772 
 2098  291.903 
 2099  291.563 
 2100  291.613 
