#      year    tas (K) 
 1601   286.88 
 1602   286.93 
 1603  286.862 
 1604  286.836 
 1605  286.891 
 1606  287.006 
 1607  287.022 
 1608  287.031 
 1609  286.834 
 1610  286.915 
 1611  286.961 
 1612   286.93 
 1613  286.865 
 1614  286.929 
 1615  286.893 
 1616  287.007 
 1617  286.968 
 1618   286.88 
 1619  286.899 
 1620  287.047 
 1621  286.856 
 1622  286.818 
 1623  286.976 
 1624  286.943 
 1625  286.891 
 1626  286.893 
 1627  286.956 
 1628  286.953 
 1629   286.78 
 1630  286.891 
 1631  286.984 
 1632  286.952 
 1633   286.85 
 1634  286.999 
 1635  286.993 
 1636  286.978 
 1637  287.021 
 1638  286.959 
 1639  286.887 
 1640  286.752 
 1641  286.924 
 1642  286.945 
 1643    286.9 
 1644  286.869 
 1645  286.925 
 1646  286.968 
 1647  286.942 
 1648  286.947 
 1649  286.949 
 1650  286.978 
 1651  286.975 
 1652  286.967 
 1653  287.008 
 1654   286.97 
 1655  286.998 
 1656  286.963 
 1657  287.055 
 1658  287.095 
 1659  287.072 
 1660  286.993 
 1661   287.11 
 1662  287.163 
 1663  287.068 
 1664  286.856 
 1665  287.037 
 1666  287.101 
 1667  287.007 
 1668  286.969 
 1669  287.086 
 1670  287.083 
 1671  287.047 
 1672  286.913 
 1673  286.897 
 1674  286.972 
 1675   287.04 
 1676  286.963 
 1677  286.893 
 1678  286.926 
 1679  286.896 
 1680  286.875 
 1681  286.872 
 1682   286.87 
 1683  286.889 
 1684  287.067 
 1685  286.858 
 1686  286.741 
 1687  286.905 
 1688  286.964 
 1689  286.968 
 1690  286.943 
 1691  286.991 
 1692  286.941 
 1693  286.913 
 1694  286.847 
 1695  286.858 
 1696   286.81 
 1697  286.757 
 1698  286.748 
 1699  286.883 
 1700  286.942 
 1701  286.896 
 1702  286.765 
 1703  286.838 
 1704  286.964 
 1705  286.906 
 1706  286.799 
 1707  286.857 
 1708  286.829 
 1709  286.865 
 1710  286.841 
 1711  286.895 
 1712  286.811 
 1713  286.786 
 1714  286.837 
 1715  286.876 
 1716  286.797 
 1717  286.844 
 1718  286.952 
 1719  286.952 
 1720  286.831 
 1721   286.82 
 1722  286.915 
 1723  286.746 
 1724  286.755 
 1725  286.781 
 1726  286.961 
 1727  287.025 
 1728  286.815 
 1729  286.793 
 1730    286.9 
 1731  286.979 
 1732  286.882 
 1733  286.988 
 1734  287.143 
 1735  286.972 
 1736  286.812 
 1737  286.962 
 1738  287.062 
 1739  286.979 
 1740  286.941 
 1741  286.859 
 1742  286.953 
 1743  287.007 
 1744  286.801 
 1745  286.806 
 1746  286.755 
 1747  286.765 
 1748  286.783 
 1749  286.799 
 1750  286.704 
 1751  286.784 
 1752  286.897 
 1753  286.832 
 1754  286.759 
 1755   286.72 
 1756  286.583 
 1757  286.831 
 1758  286.847 
 1759  286.845 
 1760   286.75 
 1761  286.665 
 1762  286.709 
 1763   286.92 
 1764  286.827 
 1765  286.779 
 1766  286.722 
 1767  286.858 
 1768  287.016 
 1769  286.983 
 1770  286.963 
 1771  286.911 
 1772  286.939 
 1773  287.104 
 1774  286.961 
 1775  286.807 
 1776  286.768 
 1777  286.851 
 1778  286.818 
 1779    286.7 
 1780  286.646 
 1781  286.741 
 1782  286.868 
 1783  286.773 
 1784  286.761 
 1785  286.741 
 1786  286.715 
 1787  286.727 
 1788  286.696 
 1789  286.906 
 1790  287.036 
 1791  286.918 
 1792  286.955 
 1793   286.93 
 1794  286.725 
 1795  286.744 
 1796  286.817 
 1797  286.739 
 1798  286.803 
 1799  286.959 
 1800  286.955 
 1801  286.773 
 1802  286.831 
 1803    286.7 
 1804   286.88 
 1805  286.861 
 1806  286.902 
 1807  286.812 
 1808  286.949 
 1809    286.9 
 1810  287.023 
 1811  286.956 
 1812  286.851 
 1813  286.891 
 1814  286.957 
 1815  287.024 
 1816  286.971 
 1817  286.925 
 1818  286.981 
 1819  286.975 
 1820  286.931 
 1821  286.987 
 1822  286.937 
 1823  286.907 
 1824  286.962 
 1825   286.99 
 1826  286.909 
 1827  287.026 
 1828  286.842 
 1829  286.833 
 1830  286.917 
 1831  286.936 
 1832  286.891 
 1833  287.039 
 1834   287.09 
 1835  287.016 
 1836  286.911 
 1837  286.906 
 1838  287.002 
 1839  287.133 
 1840  287.101 
 1841  287.138 
 1842  287.131 
 1843   287.06 
 1844  287.037 
 1845  287.077 
 1846   287.08 
 1847  286.985 
 1848   286.91 
 1849  287.014 
 1850   286.95 
 1851  287.097 
 1852  287.036 
 1853  287.116 
 1854  287.155 
 1855  287.081 
 1856  286.989 
 1857  286.894 
 1858  287.123 
 1859  287.091 
 1860  287.122 
 1861  287.308 
 1862  287.306 
 1863  287.109 
 1864    287.1 
 1865  287.232 
 1866  287.172 
 1867  286.981 
 1868  286.913 
 1869  287.061 
 1870  287.088 
 1871  286.889 
 1872  286.935 
 1873   287.12 
 1874    287.2 
 1875  287.106 
 1876  286.975 
 1877  287.166 
 1878  287.194 
 1879  287.198 
 1880  287.181 
 1881  287.147 
 1882   287.21 
 1883  287.295 
 1884  287.144 
 1885  287.048 
 1886  287.109 
 1887  287.164 
 1888  287.174 
 1889  287.034 
 1890  287.054 
 1891  287.061 
 1892  286.988 
 1893  287.071 
 1894  287.029 
 1895  286.955 
 1896  286.808 
 1897  286.917 
 1898  287.091 
 1899  287.131 
 1900  286.853 
 1901  286.864 
 1902  286.918 
 1903   287.02 
 1904  286.841 
 1905  286.788 
 1906  286.946 
 1907  286.854 
 1908  286.907 
 1909  286.871 
 1910  286.954 
 1911  286.887 
 1912  286.798 
 1913   286.86 
 1914  287.006 
 1915  286.852 
 1916  286.919 
 1917  287.031 
 1918  286.946 
 1919  286.924 
 1920  286.936 
 1921  286.978 
 1922  286.958 
 1923  287.051 
 1924  287.074 
 1925  287.046 
 1926  286.947 
 1927  286.827 
 1928  286.941 
 1929  287.107 
 1930  287.014 
 1931  286.947 
 1932      287 
 1933  286.996 
 1934  286.946 
 1935  286.998 
 1936  286.946 
 1937  286.884 
 1938  286.986 
 1939  287.087 
 1940  286.989 
 1941  286.875 
 1942  286.841 
 1943  286.956 
 1944  286.998 
 1945  287.034 
 1946  286.915 
 1947   286.84 
 1948  286.966 
 1949  287.094 
 1950  286.974 
 1951  287.002 
 1952  287.119 
 1953  286.925 
 1954  286.987 
 1955  286.901 
 1956   287.01 
 1957    287.1 
 1958  286.945 
 1959  286.929 
 1960  286.978 
 1961  286.868 
 1962  286.875 
 1963  287.008 
 1964  287.052 
 1965  287.045 
 1966  287.048 
 1967  287.189 
 1968  287.103 
 1969  287.087 
 1970  286.977 
 1971  287.112 
 1972  287.024 
 1973  286.987 
 1974  286.961 
 1975   287.06 
 1976  287.062 
 1977  287.064 
 1978   287.06 
 1979   286.85 
 1980  286.784 
 1981  286.795 
 1982  286.916 
 1983   286.88 
 1984  286.868 
 1985  286.904 
 1986  287.036 
 1987  287.093 
 1988  287.144 
 1989  286.871 
 1990  286.871 
 1991  286.958 
 1992  287.007 
 1993  287.055 
 1994  287.008 
 1995  287.028 
 1996  286.967 
 1997  286.948 
 1998  286.928 
 1999  287.073 
 2000  286.706 
 2001  286.609 
 2002  286.687 
 2003  286.885 
 2004  286.996 
 2005  286.683 
 2006  286.718 
 2007  286.975 
 2008  286.963 
 2009  286.871 
 2010  286.983 
 2011  287.026 
 2012  286.902 
 2013  287.017 
 2014      287 
 2015  286.798 
 2016  286.851 
 2017  287.012 
 2018  286.901 
 2019  286.902 
 2020  286.793 
 2021  286.909 
 2022  286.962 
 2023  287.104 
 2024  287.005 
 2025  286.954 
 2026  286.974 
 2027  286.939 
 2028  286.986 
 2029  287.142 
 2030  287.093 
 2031  286.905 
 2032  286.911 
 2033  287.063 
 2034  286.976 
 2035  287.012 
 2036  287.073 
 2037  287.048 
 2038  287.012 
 2039  287.028 
 2040   286.98 
 2041  287.169 
 2042  287.226 
 2043  287.062 
 2044   287.02 
 2045  287.171 
 2046  287.221 
 2047  287.209 
 2048  287.074 
 2049  287.041 
 2050  287.119 
 2051  287.123 
 2052  287.229 
 2053  287.025 
 2054  286.991 
 2055  287.173 
 2056  287.185 
 2057  287.072 
 2058  287.051 
 2059  287.094 
 2060  287.112 
 2061  287.077 
 2062  287.077 
 2063  287.183 
 2064  287.139 
 2065   287.06 
 2066  286.988 
 2067  287.107 
 2068  287.236 
 2069  287.185 
 2070  287.045 
 2071  286.965 
 2072  287.075 
 2073  287.185 
 2074  287.304 
 2075  287.069 
 2076  286.976 
 2077  287.034 
 2078  287.048 
 2079  287.072 
 2080  286.967 
 2081   286.92 
 2082  287.055 
 2083  286.957 
 2084  286.816 
 2085  286.947 
 2086  287.002 
 2087  286.937 
 2088  286.962 
 2089  286.899 
 2090  286.834 
 2091  286.881 
 2092  286.788 
 2093   286.85 
 2094  286.693 
 2095  286.647 
 2096   286.85 
 2097  287.068 
 2098  286.827 
 2099  286.717 
 2100  286.803 
