#      year    tas (K) 
 1601  286.583 
 1602    286.7 
 1603  286.698 
 1604  286.827 
 1605  286.869 
 1606  286.885 
 1607  286.944 
 1608  286.743 
 1609  286.832 
 1610  286.981 
 1611  286.867 
 1612   286.83 
 1613  286.701 
 1614  286.885 
 1615  286.995 
 1616  286.886 
 1617  286.982 
 1618  286.996 
 1619  287.062 
 1620  286.986 
 1621  287.081 
 1622  287.044 
 1623  286.958 
 1624  287.056 
 1625  286.891 
 1626  286.857 
 1627  287.063 
 1628  287.157 
 1629   286.95 
 1630   286.79 
 1631   286.87 
 1632  287.022 
 1633  287.126 
 1634  287.072 
 1635  287.021 
 1636  287.014 
 1637  286.963 
 1638  287.032 
 1639  287.044 
 1640  286.944 
 1641  286.988 
 1642  286.981 
 1643  286.979 
 1644  286.971 
 1645  286.957 
 1646  286.955 
 1647  287.081 
 1648  287.057 
 1649  287.086 
 1650  287.055 
 1651  287.126 
 1652  287.056 
 1653  287.068 
 1654  287.033 
 1655  287.036 
 1656  287.057 
 1657  287.078 
 1658  287.045 
 1659  286.927 
 1660  286.904 
 1661  286.754 
 1662  286.792 
 1663  286.894 
 1664  286.761 
 1665  286.842 
 1666  286.845 
 1667  286.888 
 1668  286.906 
 1669  286.898 
 1670  287.015 
 1671  286.975 
 1672  286.985 
 1673  286.939 
 1674  286.963 
 1675  286.831 
 1676  286.882 
 1677  286.847 
 1678   286.83 
 1679  286.864 
 1680  286.843 
 1681  286.894 
 1682  286.906 
 1683  287.014 
 1684  286.877 
 1685  286.785 
 1686  286.726 
 1687  286.791 
 1688  286.872 
 1689  286.801 
 1690  286.834 
 1691  286.934 
 1692   286.96 
 1693  286.894 
 1694  286.923 
 1695  286.962 
 1696  286.977 
 1697  286.917 
 1698  287.108 
 1699  287.009 
 1700  287.017 
 1701  286.913 
 1702  286.952 
 1703  286.828 
 1704  286.733 
 1705   286.78 
 1706   286.88 
 1707  286.859 
 1708  286.701 
 1709  286.713 
 1710  286.876 
 1711  286.902 
 1712  286.779 
 1713  286.796 
 1714  286.911 
 1715  286.896 
 1716  286.988 
 1717   286.74 
 1718  286.776 
 1719  286.726 
 1720  286.636 
 1721  286.728 
 1722  286.538 
 1723  286.643 
 1724  286.649 
 1725   286.62 
 1726  286.687 
 1727  286.599 
 1728  286.601 
 1729  286.691 
 1730  286.807 
 1731  286.511 
 1732  286.717 
 1733   286.72 
 1734  286.662 
 1735  286.645 
 1736  286.533 
 1737  286.537 
 1738   286.63 
 1739   286.67 
 1740  286.473 
 1741  286.403 
 1742  286.522 
 1743  286.393 
 1744  286.528 
 1745  286.507 
 1746  286.445 
 1747  286.642 
 1748  286.536 
 1749  286.331 
 1750  286.278 
 1751  286.396 
 1752  286.499 
 1753  286.342 
 1754  286.353 
 1755  286.566 
 1756  286.517 
 1757  286.474 
 1758  286.567 
 1759  286.603 
 1760  286.489 
 1761  286.398 
 1762  286.491 
 1763  286.527 
 1764  286.495 
 1765  286.611 
 1766  286.539 
 1767  286.528 
 1768  286.519 
 1769  286.397 
 1770  286.491 
 1771  286.522 
 1772  286.372 
 1773  286.506 
 1774  286.477 
 1775  286.445 
 1776  286.442 
 1777  286.427 
 1778  286.354 
 1779  286.366 
 1780  286.375 
 1781  286.395 
 1782  286.343 
 1783  286.468 
 1784  286.437 
 1785  286.371 
 1786  286.508 
 1787    286.6 
 1788  286.559 
 1789  286.533 
 1790  286.573 
 1791  286.548 
 1792  286.535 
 1793  286.473 
 1794  286.641 
 1795  286.685 
 1796  286.568 
 1797  286.563 
 1798  286.624 
 1799  286.698 
 1800  286.619 
 1801  286.528 
 1802  286.423 
 1803  286.541 
 1804  286.542 
 1805  286.627 
 1806  286.475 
 1807  286.501 
 1808  286.591 
 1809  286.611 
 1810  286.875 
 1811  286.895 
 1812  286.625 
 1813  286.508 
 1814  286.586 
 1815  286.552 
 1816  286.627 
 1817  286.653 
 1818  286.794 
 1819   286.89 
 1820  286.926 
 1821  286.893 
 1822  287.069 
 1823  286.971 
 1824  286.813 
 1825  286.895 
 1826  286.943 
 1827  287.067 
 1828  286.906 
 1829  286.938 
 1830  286.927 
 1831  286.958 
 1832  286.822 
 1833  287.071 
 1834  287.082 
 1835  286.903 
 1836  287.046 
 1837  287.225 
 1838  287.086 
 1839  287.179 
 1840  287.072 
 1841  286.926 
 1842  287.056 
 1843  287.113 
 1844  287.002 
 1845  287.067 
 1846   286.99 
 1847  286.973 
 1848  287.098 
 1849  287.006 
 1850  287.107 
 1851  287.112 
 1852  287.028 
 1853  287.079 
 1854  287.082 
 1855  287.087 
 1856  286.964 
 1857  286.884 
 1858  286.959 
 1859  287.072 
 1860  286.941 
 1861  287.025 
 1862  287.144 
 1863  287.189 
 1864  287.045 
 1865  287.001 
 1866  287.092 
 1867  286.965 
 1868  286.955 
 1869  287.038 
 1870  287.089 
 1871  286.953 
 1872   286.94 
 1873  287.086 
 1874  287.058 
 1875  286.792 
 1876  286.825 
 1877   286.99 
 1878  286.767 
 1879  286.746 
 1880  286.948 
 1881  286.944 
 1882  286.917 
 1883  286.999 
 1884   286.99 
 1885  286.973 
 1886  286.922 
 1887  286.975 
 1888  287.008 
 1889  286.868 
 1890  286.869 
 1891  286.779 
 1892  286.932 
 1893   286.76 
 1894  286.771 
 1895  286.899 
 1896   286.87 
 1897  286.898 
 1898  286.874 
 1899  286.926 
 1900  286.953 
 1901  287.053 
 1902  286.845 
 1903  286.851 
 1904  286.845 
 1905  286.879 
 1906  287.003 
 1907  286.919 
 1908  286.864 
 1909  286.913 
 1910  286.945 
 1911  286.954 
 1912  287.135 
 1913  287.126 
 1914  286.931 
 1915  286.985 
 1916  286.941 
 1917  286.857 
 1918  286.789 
 1919  286.871 
 1920  286.717 
 1921  286.873 
 1922  286.841 
 1923  286.947 
 1924  286.957 
 1925  286.931 
 1926  286.781 
 1927  286.729 
 1928  286.712 
 1929  286.922 
 1930  286.935 
 1931  286.806 
 1932  286.762 
 1933  286.731 
 1934  286.752 
 1935  286.782 
 1936  286.911 
 1937   286.86 
 1938  286.827 
 1939  286.809 
 1940  286.774 
 1941  286.887 
 1942  286.804 
 1943   286.79 
 1944  286.808 
 1945  286.729 
 1946   286.68 
 1947  286.692 
 1948  286.709 
 1949  286.672 
 1950  286.772 
 1951  286.795 
 1952  286.626 
 1953  286.852 
 1954  286.548 
 1955  286.536 
 1956   286.57 
 1957  286.625 
 1958  286.612 
 1959  286.549 
 1960  286.551 
 1961  286.557 
 1962  286.427 
 1963    286.4 
 1964  286.522 
 1965  286.392 
 1966  286.532 
 1967  286.415 
 1968  286.462 
 1969  286.431 
 1970  286.444 
 1971  286.495 
 1972  286.557 
 1973  286.567 
 1974   286.47 
 1975  286.416 
 1976  286.418 
 1977  286.396 
 1978  286.399 
 1979  286.434 
 1980  286.478 
 1981  286.438 
 1982  286.521 
 1983  286.483 
 1984  286.323 
 1985  286.406 
 1986  286.435 
 1987  286.534 
 1988   286.33 
 1989  286.408 
 1990  286.328 
 1991  286.516 
 1992  286.478 
 1993  286.395 
 1994  286.332 
 1995  286.409 
 1996  286.371 
 1997  286.459 
 1998  286.483 
 1999  286.543 
 2000  286.403 
 2001  286.334 
 2002  286.465 
 2003  286.445 
 2004  286.497 
 2005  286.549 
 2006   286.43 
 2007  286.596 
 2008  286.553 
 2009  286.556 
 2010  286.619 
 2011  286.608 
 2012  286.612 
 2013  286.599 
 2014  286.575 
 2015  286.678 
 2016  286.593 
 2017  286.524 
 2018  286.623 
 2019  286.664 
 2020   286.85 
 2021  286.803 
 2022  286.681 
 2023  286.711 
 2024  286.761 
 2025  286.848 
 2026  286.803 
 2027  286.724 
 2028  286.622 
 2029  286.791 
 2030  286.781 
 2031  286.892 
 2032  286.917 
 2033  286.737 
 2034   286.73 
 2035   286.82 
 2036  286.923 
 2037  286.942 
 2038  286.968 
 2039  286.888 
 2040  286.783 
 2041  286.936 
 2042  286.966 
 2043  286.926 
 2044  286.841 
 2045  286.958 
 2046  286.762 
 2047  286.802 
 2048  286.843 
 2049  286.939 
 2050  286.928 
 2051  286.877 
 2052  286.866 
 2053  286.888 
 2054  286.839 
 2055  286.926 
 2056  286.961 
 2057   286.92 
 2058  286.751 
 2059  286.887 
 2060  287.037 
 2061  286.954 
 2062  286.865 
 2063  286.757 
 2064  286.795 
 2065  286.708 
 2066  286.835 
 2067  286.921 
 2068  286.917 
 2069  286.754 
 2070  286.817 
 2071  286.773 
 2072  286.862 
 2073  286.757 
 2074  286.664 
 2075  286.813 
 2076  286.727 
 2077  286.816 
 2078  286.743 
 2079  286.777 
 2080  286.536 
 2081  286.622 
 2082  286.711 
 2083  286.636 
 2084  286.698 
 2085  286.761 
 2086  286.682 
 2087  286.653 
 2088  286.491 
 2089  286.528 
 2090  286.602 
 2091  286.684 
 2092  286.594 
 2093  286.573 
 2094  286.549 
 2095  286.478 
 2096  286.502 
 2097  286.438 
 2098  286.526 
 2099  286.403 
 2100  286.368 
