#      year    tas (K) 
 2015  287.481 
 2016   287.43 
 2017  287.519 
 2018  287.706 
 2019  287.916 
 2020  288.088 
 2021  287.785 
 2022  287.775 
 2023  287.908 
 2024  288.052 
 2025  288.119 
 2026  287.928 
 2027  287.892 
 2028  287.981 
 2029   288.12 
 2030  288.363 
 2031  288.304 
 2032  288.001 
 2033  287.867 
 2034  287.996 
 2035  288.109 
 2036  288.234 
 2037  288.473 
 2038  288.174 
 2039  288.065 
 2040  288.121 
 2041  288.197 
 2042  288.229 
 2043  288.337 
 2044  288.169 
 2045  288.299 
 2046  288.588 
 2047  288.255 
 2048   288.23 
 2049  288.273 
 2050  288.454 
 2051  288.525 
 2052  288.188 
 2053  288.135 
 2054  288.273 
 2055  288.345 
 2056  288.555 
 2057  288.455 
 2058  288.322 
 2059  288.378 
 2060  288.508 
 2061  288.517 
 2062  288.656 
 2063  288.368 
 2064   288.26 
 2065  288.316 
 2066  288.515 
 2067  288.692 
 2068  288.327 
 2069  288.277 
 2070  288.393 
 2071  288.475 
 2072  288.684 
 2073  288.598 
 2074  288.397 
 2075  288.324 
 2076  288.404 
 2077  288.516 
 2078   288.56 
 2079  288.368 
 2080  288.399 
 2081  288.475 
 2082   288.47 
 2083  288.429 
 2084  288.318 
 2085  288.409 
 2086  288.627 
 2087  288.328 
 2088  288.222 
 2089  288.314 
 2090  288.275 
 2091  288.363 
 2092  288.425 
 2093   288.46 
 2094   288.32 
 2095  288.244 
 2096  288.274 
 2097  288.342 
 2098  288.519 
 2099  288.695 
 2100  288.329 
