#      year    tas (K) 
 1601  286.846 
 1602  286.961 
 1603  287.004 
 1604  286.938 
 1605   287.12 
 1606  287.241 
 1607  286.823 
 1608  286.681 
 1609  286.719 
 1610  286.824 
 1611  286.994 
 1612  287.091 
 1613  286.891 
 1614  286.721 
 1615  286.757 
 1616  286.804 
 1617  286.698 
 1618  286.757 
 1619  286.854 
 1620  286.914 
 1621  286.944 
 1622   286.96 
 1623  286.952 
 1624  286.949 
 1625  287.048 
 1626  287.029 
 1627  286.934 
 1628  286.729 
 1629  286.867 
 1630  286.956 
 1631  286.947 
 1632   286.98 
 1633  286.895 
 1634  286.919 
 1635  286.929 
 1636  287.026 
 1637  286.954 
 1638  286.865 
 1639  286.839 
 1640  286.975 
 1641  287.018 
 1642  286.933 
 1643  286.911 
 1644  287.086 
 1645   287.18 
 1646  286.935 
 1647  286.803 
 1648  286.759 
 1649  286.917 
 1650   286.89 
 1651  286.878 
 1652  286.821 
 1653  286.905 
 1654  286.957 
 1655  286.785 
 1656  286.833 
 1657  286.954 
 1658  286.932 
 1659  286.811 
 1660  286.731 
 1661  286.765 
 1662  286.712 
 1663   286.77 
 1664  286.913 
 1665  287.017 
 1666  286.853 
 1667   286.73 
 1668  286.717 
 1669  286.894 
 1670  286.887 
 1671  286.801 
 1672  286.841 
 1673  286.852 
 1674  286.772 
 1675  286.803 
 1676  286.877 
 1677  287.023 
 1678   286.82 
 1679  286.866 
 1680  286.912 
 1681  286.923 
 1682  286.932 
 1683  286.991 
 1684  286.765 
 1685  286.766 
 1686  286.786 
 1687  286.822 
 1688  286.876 
 1689  286.838 
 1690  286.797 
 1691  287.064 
 1692  287.201 
 1693  286.952 
 1694  286.815 
 1695  286.906 
 1696  286.912 
 1697  286.955 
 1698   286.76 
 1699  286.692 
 1700  286.859 
 1701  286.903 
 1702  286.833 
 1703  286.824 
 1704  286.716 
 1705  286.835 
 1706  286.807 
 1707  286.859 
 1708  286.803 
 1709  286.829 
 1710  286.908 
 1711  286.816 
 1712  286.855 
 1713  286.831 
 1714  286.996 
 1715   287.08 
 1716  287.071 
 1717  286.921 
 1718  286.791 
 1719  286.934 
 1720   286.92 
 1721  286.791 
 1722   286.77 
 1723   286.82 
 1724  286.883 
 1725  286.858 
 1726  286.858 
 1727  286.831 
 1728  286.784 
 1729  286.969 
 1730  286.838 
 1731  286.734 
 1732  286.826 
 1733  287.038 
 1734   286.93 
 1735  286.697 
 1736  286.733 
 1737  286.723 
 1738  286.737 
 1739  286.865 
 1740  286.836 
 1741  286.772 
 1742  286.828 
 1743  286.764 
 1744  286.713 
 1745  286.816 
 1746  286.809 
 1747  286.776 
 1748  286.931 
 1749  286.959 
 1750  286.989 
 1751  286.854 
 1752  286.677 
 1753  286.795 
 1754  286.833 
 1755  286.816 
 1756  286.834 
 1757  286.902 
 1758  286.957 
 1759  287.082 
 1760  287.021 
 1761  286.813 
 1762  286.794 
 1763  286.929 
 1764  286.954 
 1765  286.874 
 1766  286.847 
 1767  286.834 
 1768  286.767 
 1769  286.856 
 1770  286.851 
 1771   286.88 
 1772  286.842 
 1773  287.075 
 1774  286.894 
 1775  286.691 
 1776  286.742 
 1777  286.854 
 1778  286.852 
 1779  286.778 
 1780  286.738 
 1781  286.628 
 1782  286.699 
 1783  286.753 
 1784  286.751 
 1785  286.872 
 1786  287.035 
 1787  286.854 
 1788  286.828 
 1789  286.957 
 1790  286.859 
 1791  286.804 
 1792  286.861 
 1793  286.928 
 1794  286.996 
 1795  287.013 
 1796  286.929 
 1797  286.884 
 1798  286.924 
 1799  286.921 
 1800  286.834 
 1801  286.863 
 1802  286.815 
 1803  286.825 
 1804   286.92 
 1805  287.086 
 1806  286.907 
 1807  286.682 
 1808  286.724 
 1809  286.678 
 1810  286.828 
 1811  286.878 
 1812  286.794 
 1813   286.88 
 1814  286.868 
 1815   286.96 
 1816  286.991 
 1817  287.078 
 1818  287.166 
 1819  286.836 
 1820  286.675 
 1821  286.706 
 1822  286.841 
 1823   286.86 
 1824   286.99 
 1825  287.149 
 1826  286.911 
 1827  286.822 
 1828  286.852 
 1829  286.942 
 1830  286.977 
 1831   286.89 
 1832  286.645 
 1833  286.684 
 1834  286.819 
 1835  286.883 
 1836  286.966 
 1837  286.897 
 1838  286.886 
 1839  286.892 
 1840   286.92 
 1841  286.864 
 1842  286.862 
 1843   286.91 
 1844  286.901 
 1845  286.919 
 1846  286.929 
 1847  287.017 
 1848  286.975 
 1849  286.905 
 1850  286.979 
 1851  287.048 
 1852  286.768 
 1853  286.895 
 1854  286.961 
 1855  286.929 
 1856  286.916 
 1857  287.038 
 1858  287.021 
 1859  286.909 
 1860  286.878 
 1861  286.964 
 1862  286.793 
 1863  286.797 
 1864  286.979 
 1865  287.214 
 1866  286.828 
 1867  286.687 
 1868  286.808 
 1869  286.882 
 1870  286.821 
 1871  286.848 
 1872  286.961 
 1873  287.188 
 1874  286.953 
 1875  286.728 
 1876   286.77 
 1877  286.946 
 1878  286.954 
 1879  287.029 
 1880  287.025 
 1881  287.124 
 1882   287.06 
 1883  286.913 
 1884  286.857 
 1885  286.915 
 1886  286.986 
 1887  286.983 
 1888  286.951 
 1889  287.129 
 1890   287.07 
 1891  286.817 
 1892   286.72 
 1893  286.713 
 1894  286.675 
 1895  286.669 
 1896  286.736 
 1897  286.832 
 1898  286.764 
 1899   286.92 
 1900  287.098 
 1901  287.066 
 1902  286.797 
 1903  286.692 
 1904  286.689 
 1905  286.779 
 1906  286.878 
 1907  286.963 
 1908   286.94 
 1909  286.754 
 1910  286.718 
 1911   286.97 
 1912  286.966 
 1913  286.879 
 1914  286.903 
 1915  286.836 
 1916  286.832 
 1917  286.819 
 1918  286.924 
 1919  286.913 
 1920  286.835 
 1921  287.041 
 1922  286.958 
 1923  286.887 
 1924  286.866 
 1925  286.865 
 1926  286.853 
 1927  286.778 
 1928  286.947 
 1929  287.024 
 1930  286.966 
 1931  286.838 
 1932  286.833 
 1933  286.998 
 1934  287.017 
 1935  286.763 
 1936  286.729 
 1937  286.777 
 1938  286.797 
 1939  286.891 
 1940  286.831 
 1941  286.814 
 1942  286.966 
 1943  287.116 
 1944  286.847 
 1945  286.688 
 1946  286.754 
 1947  286.775 
 1948  286.894 
 1949  286.763 
 1950    286.8 
 1951  286.835 
 1952   286.82 
 1953  286.832 
 1954  286.769 
 1955  286.842 
 1956  286.775 
 1957  286.669 
 1958  286.791 
 1959  287.005 
 1960  286.951 
 1961  286.882 
 1962  286.854 
 1963  286.838 
 1964  286.835 
 1965  286.966 
 1966  286.858 
 1967  286.912 
 1968  286.866 
 1969  286.962 
 1970  287.055 
 1971  286.759 
 1972   286.73 
 1973  286.873 
 1974  286.885 
 1975  286.868 
 1976  286.879 
 1977   286.98 
 1978  287.024 
 1979  286.965 
 1980  286.885 
 1981  286.849 
 1982  286.914 
 1983  286.966 
 1984  286.916 
 1985  286.995 
 1986  287.022 
 1987  286.921 
 1988  286.926 
 1989  286.899 
 1990  286.864 
 1991  286.808 
 1992  286.864 
 1993  286.889 
 1994   286.77 
 1995  286.723 
 1996  286.778 
 1997  286.879 
 1998  286.904 
 1999  286.914 
 2000  286.894 
 2001  286.987 
 2002  286.933 
 2003  286.872 
 2004  286.804 
 2005   286.88 
 2006  286.834 
 2007  286.871 
 2008  286.822 
 2009   286.92 
 2010  287.011 
 2011   287.02 
 2012  287.011 
 2013  286.851 
 2014  286.864 
 2015  286.919 
 2016  286.973 
 2017  287.094 
 2018  286.974 
 2019  286.924 
 2020  286.909 
 2021  286.974 
 2022  286.836 
 2023  286.722 
 2024  286.756 
 2025  286.937 
 2026  286.972 
 2027  286.809 
 2028  286.788 
 2029  286.731 
 2030  286.782 
 2031   286.86 
 2032   286.85 
 2033  286.802 
 2034   286.86 
 2035  286.877 
 2036  286.954 
 2037  286.972 
 2038  286.922 
 2039  286.718 
 2040  286.622 
 2041  286.647 
 2042  286.704 
 2043  286.677 
 2044  286.789 
 2045  286.729 
 2046  286.781 
 2047  286.761 
 2048  286.752 
 2049  286.779 
 2050  286.738 
 2051  286.866 
 2052  286.808 
 2053  286.704 
 2054  286.739 
 2055  286.696 
 2056  286.812 
 2057  286.795 
 2058  286.821 
 2059  286.825 
 2060   286.79 
 2061   286.82 
 2062  286.822 
 2063  287.083 
 2064  287.129 
 2065   286.82 
 2066   286.74 
 2067  286.659 
 2068  286.803 
 2069  286.944 
 2070   286.95 
 2071  286.933 
 2072  286.951 
 2073  286.917 
 2074  286.803 
 2075  286.866 
 2076   286.79 
 2077  286.666 
 2078  286.811 
 2079  286.964 
 2080  286.869 
 2081  286.695 
 2082  286.781 
 2083    286.7 
 2084  286.748 
 2085  286.811 
 2086  286.985 
 2087  287.039 
 2088  286.946 
 2089  286.809 
 2090  286.823 
 2091  286.928 
 2092  286.903 
 2093  286.948 
 2094  286.955 
 2095  286.894 
 2096  286.865 
 2097  286.919 
 2098  286.978 
 2099  286.875 
 2100  286.835 
