#      year    tas (K) 
 1601  286.432 
 1602  286.501 
 1603  286.519 
 1604  286.693 
 1605  286.688 
 1606  286.439 
 1607  286.568 
 1608  286.814 
 1609  286.444 
 1610  286.467 
 1611  286.564 
 1612  286.461 
 1613  286.299 
 1614  286.522 
 1615    286.5 
 1616  286.446 
 1617  286.522 
 1618  286.671 
 1619   286.68 
 1620  286.584 
 1621  286.685 
 1622  286.614 
 1623  286.472 
 1624  286.629 
 1625  286.829 
 1626  286.724 
 1627  286.634 
 1628  286.596 
 1629  286.396 
 1630  286.544 
 1631  286.487 
 1632  286.336 
 1633  286.324 
 1634  286.396 
 1635  286.371 
 1636  286.437 
 1637  286.456 
 1638  286.691 
 1639  286.654 
 1640  286.413 
 1641  286.403 
 1642  286.369 
 1643  286.534 
 1644  286.568 
 1645  286.345 
 1646  286.399 
 1647  286.462 
 1648  286.417 
 1649  286.304 
 1650  286.252 
 1651  286.276 
 1652  286.197 
 1653  286.522 
 1654  286.323 
 1655  286.471 
 1656  286.393 
 1657    286.2 
 1658  286.333 
 1659  286.452 
 1660  286.331 
 1661  286.227 
 1662  286.148 
 1663  286.301 
 1664  286.293 
 1665  286.251 
 1666  286.212 
 1667  286.123 
 1668  286.282 
 1669  286.465 
 1670    286.3 
 1671  286.132 
 1672  286.312 
 1673  286.247 
 1674  286.385 
 1675  286.297 
 1676  286.268 
 1677  286.384 
 1678  286.509 
 1679  286.301 
 1680  286.288 
 1681  286.255 
 1682  286.317 
 1683   286.35 
 1684  286.328 
 1685  286.512 
 1686   286.35 
 1687  286.304 
 1688  286.441 
 1689  286.535 
 1690  286.517 
 1691  286.443 
 1692  286.368 
 1693  286.315 
 1694   286.29 
 1695  286.385 
 1696  286.481 
 1697  286.417 
 1698  286.322 
 1699  286.394 
 1700  286.535 
 1701   286.36 
 1702  286.312 
 1703  286.637 
 1704  286.475 
 1705  286.359 
 1706  286.601 
 1707  286.404 
 1708  286.255 
 1709  286.386 
 1710  286.433 
 1711  286.469 
 1712    286.2 
 1713  286.219 
 1714  286.345 
 1715  286.354 
 1716  286.386 
 1717  286.351 
 1718  286.456 
 1719  286.547 
 1720  286.441 
 1721  286.349 
 1722  286.302 
 1723  286.375 
 1724  286.486 
 1725   286.51 
 1726  286.288 
 1727  286.267 
 1728    286.4 
 1729  286.542 
 1730  286.325 
 1731  286.548 
 1732  286.335 
 1733  286.209 
 1734  286.267 
 1735  286.317 
 1736  286.215 
 1737  286.308 
 1738  286.438 
 1739   286.32 
 1740  286.384 
 1741  286.556 
 1742  286.463 
 1743  286.397 
 1744  286.211 
 1745  286.321 
 1746   286.35 
 1747  286.504 
 1748  286.651 
 1749  286.444 
 1750  286.273 
 1751  286.264 
 1752  286.473 
 1753  286.302 
 1754  286.318 
 1755  286.548 
 1756  286.274 
 1757  286.283 
 1758  286.398 
 1759  286.404 
 1760   286.46 
 1761  286.522 
 1762  286.571 
 1763  286.405 
 1764  286.322 
 1765  286.317 
 1766   286.46 
 1767  286.401 
 1768   286.32 
 1769  286.636 
 1770  286.486 
 1771   286.41 
 1772  286.482 
 1773  286.658 
 1774  286.673 
 1775  286.719 
 1776  286.543 
 1777  286.452 
 1778   286.56 
 1779  286.513 
 1780  286.488 
 1781  286.627 
 1782  286.467 
 1783  286.496 
 1784  286.537 
 1785  286.651 
 1786  286.693 
 1787  286.606 
 1788  286.555 
 1789  286.555 
 1790  286.652 
 1791  286.538 
 1792  286.354 
 1793  286.532 
 1794  286.609 
 1795  286.802 
 1796  286.619 
 1797  286.539 
 1798  286.761 
 1799  286.632 
 1800  286.603 
 1801  286.706 
 1802  286.563 
 1803  286.516 
 1804  286.514 
 1805  286.667 
 1806  286.474 
 1807  286.508 
 1808  286.556 
 1809  286.575 
 1810  286.614 
 1811  286.725 
 1812  286.474 
 1813  286.558 
 1814  286.532 
 1815  286.624 
 1816  286.476 
 1817  286.442 
 1818  286.549 
 1819  286.414 
 1820  286.494 
 1821  286.704 
 1822   286.63 
 1823  286.612 
 1824  286.659 
 1825  286.589 
 1826  286.481 
 1827  286.547 
 1828  286.463 
 1829  286.525 
 1830  286.438 
 1831  286.528 
 1832  286.652 
 1833  286.616 
 1834  286.454 
 1835  286.408 
 1836  286.436 
 1837  286.438 
 1838   286.45 
 1839  286.441 
 1840  286.472 
 1841  286.323 
 1842  286.441 
 1843  286.485 
 1844  286.364 
 1845  286.487 
 1846  286.485 
 1847  286.395 
 1848  286.359 
 1849  286.315 
 1850  286.284 
 1851  286.404 
 1852   286.22 
 1853  286.271 
 1854  286.468 
 1855  286.483 
 1856   286.43 
 1857  286.336 
 1858  286.403 
 1859  286.396 
 1860  286.453 
 1861  286.263 
 1862  286.206 
 1863   286.42 
 1864  286.455 
 1865  286.389 
 1866  286.398 
 1867  286.347 
 1868  286.526 
 1869  286.555 
 1870  286.627 
 1871  286.492 
 1872  286.331 
 1873  286.499 
 1874  286.366 
 1875  286.196 
 1876  286.334 
 1877  286.386 
 1878  286.349 
 1879   286.13 
 1880  286.193 
 1881  286.165 
 1882  286.315 
 1883  286.282 
 1884  286.337 
 1885  286.396 
 1886  286.286 
 1887  286.277 
 1888  286.401 
 1889   286.42 
 1890  286.432 
 1891  286.276 
 1892   286.12 
 1893  286.288 
 1894  286.132 
 1895  286.213 
 1896  286.195 
 1897  286.242 
 1898  286.209 
 1899  286.212 
 1900  286.254 
 1901  286.137 
 1902  286.166 
 1903  286.333 
 1904  286.266 
 1905  286.115 
 1906   286.26 
 1907  286.264 
 1908  286.354 
 1909  286.255 
 1910  286.128 
 1911  286.177 
 1912  286.368 
 1913  286.357 
 1914  286.307 
 1915  286.404 
 1916  286.191 
 1917  286.309 
 1918  286.492 
 1919  286.375 
 1920  286.263 
 1921  286.261 
 1922  286.303 
 1923  286.388 
 1924  286.225 
 1925  286.304 
 1926  286.495 
 1927  286.144 
 1928  286.122 
 1929  286.482 
 1930  286.452 
 1931  286.711 
 1932  286.556 
 1933  286.516 
 1934  286.405 
 1935    286.4 
 1936  286.326 
 1937  286.388 
 1938  286.525 
 1939  286.426 
 1940  286.449 
 1941  286.386 
 1942  286.392 
 1943  286.458 
 1944  286.506 
 1945  286.539 
 1946  286.503 
 1947  286.478 
 1948  286.311 
 1949  286.388 
 1950  286.463 
 1951  286.437 
 1952  286.396 
 1953  286.669 
 1954  286.594 
 1955  286.568 
 1956  286.421 
 1957  286.496 
 1958  286.539 
 1959  286.457 
 1960  286.356 
 1961   286.35 
 1962  286.614 
 1963  286.747 
 1964  286.609 
 1965  286.463 
 1966   286.52 
 1967  286.633 
 1968  286.494 
 1969   286.46 
 1970  286.493 
 1971   286.64 
 1972  286.375 
 1973  286.474 
 1974  286.339 
 1975  286.242 
 1976  286.376 
 1977  286.467 
 1978  286.602 
 1979   286.66 
 1980  286.492 
 1981  286.554 
 1982  286.535 
 1983  286.492 
 1984  286.484 
 1985  286.458 
 1986  286.362 
 1987   286.48 
 1988  286.507 
 1989  286.602 
 1990  286.554 
 1991   286.49 
 1992  286.512 
 1993  286.591 
 1994  286.442 
 1995  286.473 
 1996  286.666 
 1997  286.369 
 1998  286.453 
 1999  286.635 
 2000  286.401 
 2001  286.475 
 2002  286.576 
 2003  286.553 
 2004  286.527 
 2005  286.582 
 2006   286.51 
 2007  286.406 
 2008  286.609 
 2009  286.434 
 2010  286.455 
 2011  286.503 
 2012  286.479 
 2013  286.615 
 2014  286.577 
 2015  286.426 
 2016  286.388 
 2017  286.517 
 2018  286.507 
 2019  286.381 
 2020  286.538 
 2021  286.467 
 2022  286.464 
 2023  286.591 
 2024  286.606 
 2025  286.413 
 2026  286.419 
 2027  286.435 
 2028  286.654 
 2029   286.48 
 2030   286.42 
 2031  286.594 
 2032  286.632 
 2033  286.351 
 2034  286.534 
 2035  286.601 
 2036  286.367 
 2037  286.345 
 2038  286.457 
 2039  286.489 
 2040  286.558 
 2041  286.616 
 2042  286.682 
 2043  286.695 
 2044  286.629 
 2045  286.652 
 2046  286.602 
 2047  286.503 
 2048  286.666 
 2049  286.562 
 2050  286.485 
 2051  286.416 
 2052  286.477 
 2053  286.422 
 2054   286.43 
 2055  286.407 
 2056  286.533 
 2057  286.603 
 2058  286.553 
 2059  286.575 
 2060  286.609 
 2061  286.635 
 2062  286.701 
 2063  286.473 
 2064  286.448 
 2065  286.426 
 2066  286.577 
 2067  286.463 
 2068  286.206 
 2069  286.265 
 2070   286.47 
 2071  286.411 
 2072  286.359 
 2073  286.396 
 2074  286.265 
 2075  286.392 
 2076  286.541 
 2077  286.562 
 2078  286.416 
 2079  286.446 
 2080  286.396 
 2081  286.201 
 2082  286.223 
 2083  286.314 
 2084  286.405 
 2085   286.41 
 2086  286.349 
 2087   286.61 
 2088  286.449 
 2089  286.576 
 2090  286.539 
 2091   286.37 
 2092  286.251 
 2093   286.27 
 2094  286.396 
 2095  286.444 
 2096  286.172 
 2097  286.269 
 2098  286.411 
 2099  286.281 
 2100  286.369 
