#  tas (K) 
 1850  286.859 
 1851  286.832 
 1852  286.848 
 1853  286.908 
 1854  287.119 
 1855  287.217 
 1856  286.812 
 1857  286.835 
 1858  286.861 
 1859  286.996 
 1860  286.901 
 1861  286.822 
 1862  286.915 
 1863  287.046 
 1864  286.845 
 1865   286.73 
 1866  286.779 
 1867  286.842 
 1868  287.012 
 1869   287.14 
 1870  287.025 
 1871  287.026 
 1872  286.981 
 1873  287.021 
 1874  287.095 
 1875  286.922 
 1876  286.951 
 1877  286.867 
 1878  286.929 
 1879  286.962 
 1880  286.938 
 1881  286.912 
 1882  286.941 
 1883  287.043 
 1884  286.731 
 1885  286.691 
 1886  286.805 
 1887   286.82 
 1888  286.993 
 1889  286.872 
 1890  286.816 
 1891  286.883 
 1892  286.889 
 1893  286.942 
 1894  286.973 
 1895  286.938 
 1896  286.948 
 1897  286.995 
 1898      287 
 1899  286.994 
 1900  287.065 
 1901  287.055 
 1902  286.955 
 1903  286.638 
 1904  286.615 
 1905  286.736 
 1906  286.822 
 1907  286.847 
 1908  286.991 
 1909  287.085 
 1910  287.003 
 1911  286.911 
 1912  286.849 
 1913  286.808 
 1914  286.915 
 1915  286.886 
 1916  287.058 
 1917  287.134 
 1918  287.194 
 1919  286.844 
 1920  286.884 
 1921  286.994 
 1922  287.056 
 1923  287.056 
 1924  287.151 
 1925  287.111 
 1926  287.035 
 1927  287.001 
 1928  286.999 
 1929  286.964 
 1930  286.951 
 1931  287.009 
 1932  287.066 
 1933  286.947 
 1934  287.065 
 1935  287.089 
 1936  287.108 
 1937  287.254 
 1938  287.231 
 1939  287.003 
 1940  287.006 
 1941  287.062 
 1942   287.12 
 1943  287.297 
 1944   287.38 
 1945  287.273 
 1946  287.039 
 1947  287.037 
 1948  287.127 
 1949  287.102 
 1950  287.128 
 1951  287.071 
 1952  287.053 
 1953  286.972 
 1954  287.023 
 1955  287.161 
 1956  287.249 
 1957  287.243 
 1958  287.177 
 1959  287.061 
 1960  287.035 
 1961  287.039 
 1962  287.265 
 1963  287.316 
 1964  286.921 
 1965  286.791 
 1966  286.838 
 1967   287.02 
 1968   287.22 
 1969  286.917 
 1970  286.949 
 1971  287.016 
 1972  286.952 
 1973  287.059 
 1974  287.096 
 1975  287.193 
 1976  287.061 
 1977  287.092 
 1978  287.301 
 1979  287.223 
 1980  287.076 
 1981  287.083 
 1982  287.288 
 1983  287.192 
 1984  287.365 
 1985  287.233 
 1986  287.089 
 1987  287.221 
 1988  287.258 
 1989  287.237 
 1990   287.33 
 1991  287.248 
 1992  287.092 
 1993  287.233 
 1994  287.356 
 1995   287.16 
 1996    287.1 
 1997  287.224 
 1998  287.214 
 1999  287.557 
 2000  287.494 
 2001  287.435 
 2002  287.406 
 2003  287.546 
 2004   287.68 
 2005  287.569 
 2006  287.457 
 2007  287.525 
 2008  287.745 
 2009  287.791 
 2010  287.546 
 2011  287.549 
 2012  287.609 
 2013  287.902 
 2014  287.819 
