#      year    tas (K) 
 2015  287.772 
 2016  287.855 
 2017  288.046 
 2018  288.142 
 2019  288.027 
 2020  287.978 
 2021  288.098 
 2022  288.128 
 2023  288.227 
 2024  288.263 
 2025  288.273 
 2026  288.051 
 2027  288.001 
 2028  288.134 
 2029  288.187 
 2030  288.353 
 2031  288.402 
 2032  288.311 
 2033  288.488 
 2034  288.469 
 2035  288.527 
 2036  288.383 
 2037   288.58 
 2038  288.652 
 2039  288.568 
 2040  288.331 
 2041  288.466 
 2042  288.603 
 2043  288.516 
 2044  288.655 
 2045   288.69 
 2046  288.614 
 2047  288.765 
 2048  288.809 
 2049  288.818 
 2050  288.937 
 2051  288.965 
 2052  288.618 
 2053   288.69 
 2054  288.638 
 2055  288.739 
 2056  288.861 
 2057  288.833 
 2058  288.909 
 2059  288.837 
 2060  288.712 
 2061  288.698 
 2062  288.855 
 2063  288.943 
 2064  288.986 
 2065  288.844 
 2066  288.838 
 2067  288.784 
 2068   288.79 
 2069  288.787 
 2070  288.898 
 2071   288.85 
 2072  288.733 
 2073  288.848 
 2074  288.897 
 2075  288.815 
 2076  289.031 
 2077  289.028 
 2078  288.803 
 2079  288.972 
 2080  289.117 
 2081  288.969 
 2082  289.032 
 2083  289.045 
 2084  288.955 
 2085  288.821 
 2086  288.753 
 2087  288.901 
 2088  289.003 
 2089  288.884 
 2090  288.793 
 2091  288.711 
 2092  288.674 
 2093  288.852 
 2094  288.855 
 2095  288.746 
 2096  288.685 
 2097  288.715 
 2098   288.94 
 2099  288.976 
 2100  288.811 
