#      year    tas (K) 
 1601  286.931 
 1602   286.82 
 1603  286.871 
 1604   286.82 
 1605  286.962 
 1606  287.027 
 1607  286.847 
 1608   286.89 
 1609  287.051 
 1610  286.829 
 1611  286.919 
 1612  287.014 
 1613  286.913 
 1614  286.976 
 1615  286.971 
 1616  286.989 
 1617  286.873 
 1618   286.82 
 1619  286.797 
 1620  286.798 
 1621  286.796 
 1622  286.883 
 1623  286.899 
 1624  287.022 
 1625  286.926 
 1626  287.037 
 1627  287.007 
 1628  286.952 
 1629  287.064 
 1630   287.15 
 1631   287.05 
 1632   287.14 
 1633  287.155 
 1634  287.075 
 1635  287.053 
 1636  287.079 
 1637  286.986 
 1638  287.104 
 1639   287.02 
 1640  286.993 
 1641  287.026 
 1642  286.899 
 1643  286.913 
 1644  286.919 
 1645  286.861 
 1646  286.967 
 1647  286.758 
 1648  286.873 
 1649  286.976 
 1650  286.846 
 1651   286.74 
 1652  286.831 
 1653  286.755 
 1654  286.896 
 1655  286.821 
 1656    286.9 
 1657  286.845 
 1658   286.85 
 1659  286.865 
 1660  286.805 
 1661  286.838 
 1662      287 
 1663  286.818 
 1664  286.833 
 1665  286.796 
 1666  286.905 
 1667  286.821 
 1668  286.768 
 1669  286.787 
 1670  286.657 
 1671  286.769 
 1672  286.913 
 1673  286.786 
 1674  286.728 
 1675  286.835 
 1676  286.836 
 1677  286.844 
 1678  286.794 
 1679  286.778 
 1680  286.814 
 1681  286.758 
 1682  286.722 
 1683  286.814 
 1684  286.684 
 1685    286.6 
 1686  286.673 
 1687  286.732 
 1688   286.78 
 1689  286.652 
 1690  286.708 
 1691  286.823 
 1692  286.545 
 1693  286.702 
 1694  286.735 
 1695  286.574 
 1696  286.776 
 1697  286.733 
 1698  286.845 
 1699  286.599 
 1700  286.728 
 1701  286.801 
 1702  286.757 
 1703  286.785 
 1704  286.692 
 1705  286.663 
 1706  286.615 
 1707  286.647 
 1708  286.693 
 1709  286.571 
 1710   286.54 
 1711  286.662 
 1712  286.724 
 1713  286.619 
 1714  286.526 
 1715  286.662 
 1716  286.678 
 1717  286.476 
 1718  286.646 
 1719  286.804 
 1720  286.664 
 1721  286.673 
 1722  286.708 
 1723  286.649 
 1724  286.771 
 1725  286.591 
 1726  286.595 
 1727  286.859 
 1728  286.585 
 1729  286.654 
 1730  286.631 
 1731  286.783 
 1732  286.853 
 1733  286.929 
 1734  286.628 
 1735  286.708 
 1736  286.836 
 1737  286.963 
 1738  286.922 
 1739  286.955 
 1740  286.951 
 1741   286.85 
 1742  286.666 
 1743  286.727 
 1744  286.715 
 1745  286.866 
 1746  286.876 
 1747   287.05 
 1748  287.109 
 1749  287.109 
 1750  286.966 
 1751  287.202 
 1752  287.156 
 1753  287.148 
 1754   287.03 
 1755  286.782 
 1756  286.815 
 1757  286.909 
 1758  286.836 
 1759  286.929 
 1760  286.919 
 1761  286.815 
 1762  286.904 
 1763  286.859 
 1764  286.727 
 1765  286.841 
 1766  286.887 
 1767  286.865 
 1768  286.825 
 1769  287.028 
 1770  286.869 
 1771  286.894 
 1772  286.831 
 1773  286.973 
 1774  286.869 
 1775   286.91 
 1776  286.947 
 1777  286.922 
 1778  287.119 
 1779  287.026 
 1780  286.865 
 1781  286.895 
 1782  286.807 
 1783  286.848 
 1784  286.821 
 1785  286.832 
 1786  286.894 
 1787  286.954 
 1788  286.884 
 1789  286.938 
 1790  287.018 
 1791  286.939 
 1792  286.853 
 1793  286.901 
 1794  286.822 
 1795   286.73 
 1796  286.947 
 1797  286.817 
 1798  286.822 
 1799  287.003 
 1800  286.892 
 1801  286.844 
 1802  286.839 
 1803  286.748 
 1804  286.805 
 1805  286.839 
 1806  286.747 
 1807  286.806 
 1808  286.801 
 1809  286.828 
 1810  286.913 
 1811  286.798 
 1812  286.748 
 1813  286.889 
 1814  286.875 
 1815  286.872 
 1816  286.807 
 1817  286.858 
 1818  286.956 
 1819  286.892 
 1820  286.909 
 1821  286.801 
 1822  286.808 
 1823  286.886 
 1824  286.764 
 1825  286.828 
 1826  286.834 
 1827  286.821 
 1828  286.908 
 1829  286.871 
 1830  286.852 
 1831  286.817 
 1832  286.765 
 1833  286.861 
 1834  286.785 
 1835  286.716 
 1836  286.706 
 1837  286.762 
 1838   286.71 
 1839  286.723 
 1840  286.799 
 1841   286.51 
 1842  286.697 
 1843  286.751 
 1844  286.625 
 1845  286.731 
 1846  286.706 
 1847  286.688 
 1848  286.615 
 1849  286.635 
 1850  286.599 
 1851  286.492 
 1852  286.672 
 1853  286.589 
 1854  286.679 
 1855   286.66 
 1856  286.656 
 1857  286.661 
 1858  286.685 
 1859  286.694 
 1860  286.547 
 1861  286.708 
 1862  286.619 
 1863  286.591 
 1864  286.472 
 1865  286.513 
 1866  286.627 
 1867  286.714 
 1868  286.636 
 1869  286.775 
 1870  286.615 
 1871    286.5 
 1872  286.456 
 1873  286.404 
 1874  286.512 
 1875  286.528 
 1876  286.469 
 1877  286.568 
 1878   286.38 
 1879  286.573 
 1880  286.698 
 1881  286.469 
 1882    286.6 
 1883  286.547 
 1884  286.439 
 1885  286.509 
 1886  286.318 
 1887  286.476 
 1888  286.613 
 1889   286.53 
 1890  286.603 
 1891  286.495 
 1892  286.926 
 1893  286.816 
 1894  286.868 
 1895  286.817 
 1896  286.957 
 1897  287.024 
 1898  286.844 
 1899  286.888 
 1900  287.048 
 1901  286.826 
 1902  286.916 
 1903  287.011 
 1904   286.91 
 1905  286.974 
 1906  286.969 
 1907  286.989 
 1908   286.87 
 1909  286.818 
 1910  286.796 
 1911  286.796 
 1912  286.794 
 1913  286.882 
 1914  286.898 
 1915  287.023 
 1916  286.922 
 1917  287.036 
 1918  287.006 
 1919  286.952 
 1920  287.063 
 1921  287.149 
 1922   287.05 
 1923  287.141 
 1924  287.153 
 1925   287.07 
 1926  287.047 
 1927  287.074 
 1928  286.987 
 1929  287.107 
 1930  287.023 
 1931  286.996 
 1932  287.027 
 1933  286.901 
 1934  286.915 
 1935  286.922 
 1936  286.861 
 1937  286.968 
 1938  286.759 
 1939  286.874 
 1940  286.977 
 1941  286.847 
 1942  286.741 
 1943  286.834 
 1944  286.754 
 1945  286.896 
 1946  286.821 
 1947  286.902 
 1948  286.844 
 1949   286.85 
 1950  286.864 
 1951  286.805 
 1952  286.835 
 1953  286.999 
 1954  286.817 
 1955  286.833 
 1956  286.792 
 1957  286.903 
 1958  286.819 
 1959  286.767 
 1960  286.783 
 1961   286.65 
 1962  286.762 
 1963  286.907 
 1964  286.788 
 1965   286.73 
 1966  286.838 
 1967  286.839 
 1968  286.845 
 1969  286.796 
 1970  286.781 
 1971  286.816 
 1972  286.759 
 1973  286.724 
 1974  286.816 
 1975  286.687 
 1976  286.601 
 1977  286.675 
 1978  286.734 
 1979  286.784 
 1980  286.652 
 1981   286.71 
 1982  286.825 
 1983  286.548 
 1984  286.703 
 1985  286.737 
 1986  286.576 
 1987  286.779 
 1988  286.733 
 1989  286.847 
 1990    286.6 
 1991  286.729 
 1992    286.8 
 1993  286.758 
 1994  286.786 
 1995  286.694 
 1996  286.663 
 1997  286.607 
 1998   286.64 
 1999  286.687 
 2000   286.57 
 2001   286.54 
 2002  286.662 
 2003  286.726 
 2004  286.618 
 2005  286.526 
 2006  286.662 
 2007  286.679 
 2008  286.476 
 2009  286.646 
 2010  286.804 
 2011  286.665 
 2012  286.672 
 2013  286.709 
 2014   286.65 
 2015  286.772 
 2016   286.59 
 2017  286.596 
 2018   286.86 
 2019  286.585 
 2020  286.654 
 2021  286.632 
 2022  286.783 
 2023  286.854 
 2024  286.929 
 2025  286.628 
 2026  286.709 
 2027  286.839 
 2028  286.962 
 2029  286.922 
 2030  286.955 
 2031  286.952 
 2032  286.849 
 2033  286.675 
 2034  286.735 
 2035  286.724 
 2036  286.862 
 2037  286.873 
 2038  287.047 
 2039  287.108 
 2040  287.106 
 2041  286.964 
 2042  287.199 
 2043  287.156 
 2044  287.144 
 2045  287.029 
 2046   286.78 
 2047  286.814 
 2048  286.907 
 2049  286.835 
 2050  286.927 
 2051  286.919 
 2052  286.812 
 2053  286.903 
 2054  286.858 
 2055  286.727 
 2056  286.839 
 2057  286.886 
 2058  286.864 
 2059  286.826 
 2060  287.027 
 2061  286.869 
 2062  286.893 
 2063  286.831 
 2064  286.973 
 2065  286.868 
 2066   286.91 
 2067  286.944 
 2068  286.917 
 2069  287.116 
 2070  287.022 
 2071  286.862 
 2072  286.895 
 2073  286.807 
 2074  286.848 
 2075  286.822 
 2076   286.83 
 2077  286.894 
 2078  286.954 
 2079  286.885 
 2080  286.937 
 2081  287.018 
 2082  286.939 
 2083  286.854 
 2084  286.901 
 2085  286.822 
 2086  286.729 
 2087  286.949 
 2088  286.815 
 2089  286.822 
 2090  287.003 
 2091   286.89 
 2092  286.843 
 2093  286.838 
 2094  286.747 
 2095  286.804 
 2096  286.837 
 2097  286.746 
 2098  286.805 
 2099  286.801 
 2100  286.827 
