#      year    tas (K) 
 2015  287.469 
 2016  287.538 
 2017  287.749 
 2018  287.858 
 2019  287.648 
 2020  287.775 
 2021  287.985 
 2022  288.048 
 2023  287.729 
 2024  287.644 
 2025    287.9 
 2026  288.128 
 2027   288.15 
 2028  287.954 
 2029  287.786 
 2030  287.912 
 2031  288.041 
 2032   288.01 
 2033  288.161 
 2034  288.194 
 2035  288.231 
 2036  288.188 
 2037  288.237 
 2038  288.416 
 2039  288.293 
 2040  288.236 
 2041  288.271 
 2042   288.31 
 2043  288.288 
 2044  288.307 
 2045  288.504 
 2046  288.635 
 2047  288.489 
 2048  288.543 
 2049  288.669 
 2050  288.721 
 2051  288.898 
 2052  288.856 
 2053  288.713 
 2054   288.76 
 2055   288.93 
 2056  288.992 
 2057  288.757 
 2058  288.633 
 2059  288.866 
 2060   289.07 
 2061  288.986 
 2062  288.886 
 2063  288.912 
 2064  289.207 
 2065  289.173 
 2066  288.978 
 2067  289.034 
 2068  289.173 
 2069  289.298 
 2070  289.412 
 2071  289.161 
 2072    289.1 
 2073  289.264 
 2074  289.468 
 2075  289.434 
 2076   289.51 
 2077  289.506 
 2078  289.552 
 2079  289.716 
 2080  289.702 
 2081  289.563 
 2082  289.515 
 2083  289.488 
 2084  289.724 
 2085  289.743 
 2086  289.564 
 2087  289.794 
 2088  290.071 
 2089  289.905 
 2090  289.756 
 2091   289.94 
 2092  290.216 
 2093  289.869 
 2094  289.802 
 2095  290.141 
 2096  290.298 
 2097  289.964 
 2098   290.04 
 2099  290.255 
 2100  290.566 
