#      year    tas (K) 
 2015  288.153 
 2016  288.131 
 2017  288.083 
 2018  288.203 
 2019  288.223 
 2020  288.102 
 2021  288.163 
 2022  288.344 
 2023    288.2 
 2024  288.342 
 2025  288.397 
 2026  288.395 
 2027  288.467 
 2028   288.64 
 2029  288.589 
 2030   288.56 
 2031  288.652 
 2032  288.725 
 2033  288.645 
 2034   288.68 
 2035  288.842 
 2036  288.985 
 2037  288.836 
 2038  288.878 
 2039  289.126 
 2040  289.252 
 2041  289.437 
 2042   289.05 
 2043    289.1 
 2044  289.262 
 2045  289.291 
 2046  289.598 
 2047  289.732 
 2048  289.354 
 2049  289.432 
 2050  289.509 
 2051  289.651 
 2052  289.792 
 2053  289.603 
 2054  289.594 
 2055  289.697 
 2056  289.781 
 2057  289.769 
 2058  289.787 
 2059  290.008 
 2060  290.306 
 2061  289.954 
 2062  290.007 
 2063  290.109 
 2064  290.356 
 2065  290.106 
 2066  290.238 
 2067  290.613 
 2068  290.581 
 2069  290.438 
 2070  290.635 
 2071  290.884 
 2072  290.591 
 2073    290.7 
 2074  290.954 
 2075    291.2 
 2076  290.939 
 2077  290.991 
 2078  291.191 
 2079  291.393 
 2080  291.101 
 2081  291.255 
 2082  291.703 
 2083    291.7 
 2084   291.36 
 2085  291.597 
 2086  292.113 
 2087  291.953 
 2088  291.775 
 2089  291.841 
 2090  292.177 
 2091  292.307 
 2092  292.128 
 2093  292.129 
 2094  292.471 
 2095  292.634 
 2096  292.411 
 2097  292.601 
 2098  292.691 
 2099  293.039 
 2100  293.019 
