#      year    tas (K) 
 1601  286.508 
 1602  286.473 
 1603  286.487 
 1604  286.382 
 1605  286.452 
 1606  286.333 
 1607  286.342 
 1608  286.442 
 1609  286.413 
 1610  286.298 
 1611  286.159 
 1612   286.14 
 1613    286.2 
 1614  286.268 
 1615  286.384 
 1616   286.37 
 1617  286.354 
 1618  286.392 
 1619  286.489 
 1620  286.266 
 1621   286.23 
 1622  286.274 
 1623  286.274 
 1624  286.303 
 1625  286.291 
 1626  286.358 
 1627  286.469 
 1628  286.326 
 1629  286.319 
 1630  286.334 
 1631  286.298 
 1632  286.264 
 1633  286.237 
 1634  286.364 
 1635  286.273 
 1636  286.115 
 1637  286.185 
 1638  286.229 
 1639  286.329 
 1640  286.418 
 1641  286.382 
 1642  286.191 
 1643  286.205 
 1644  286.279 
 1645  286.411 
 1646  286.309 
 1647  286.279 
 1648  286.108 
 1649  286.164 
 1650  286.287 
 1651  286.349 
 1652  286.182 
 1653  286.274 
 1654  286.343 
 1655  286.372 
 1656  286.369 
 1657  286.299 
 1658  286.355 
 1659  286.455 
 1660  286.338 
 1661  286.269 
 1662  286.323 
 1663  286.304 
 1664  286.322 
 1665  286.307 
 1666  286.293 
 1667  286.347 
 1668  286.313 
 1669   286.36 
 1670  286.218 
 1671  286.202 
 1672  286.306 
 1673  286.251 
 1674   286.29 
 1675  286.333 
 1676  286.221 
 1677  286.081 
 1678  286.249 
 1679  286.204 
 1680  286.307 
 1681  286.307 
 1682  286.319 
 1683  286.246 
 1684  286.215 
 1685  286.259 
 1686  286.367 
 1687  286.348 
 1688  286.314 
 1689   286.11 
 1690  286.335 
 1691  286.437 
 1692  286.411 
 1693  286.278 
 1694  286.178 
 1695  286.033 
 1696  286.195 
 1697  286.409 
 1698  286.436 
 1699  286.445 
 1700  286.291 
 1701  286.327 
 1702  286.583 
 1703  286.475 
 1704  286.336 
 1705  286.287 
 1706  286.284 
 1707  286.178 
 1708  286.308 
 1709  286.492 
 1710    286.4 
 1711  286.441 
 1712  286.431 
 1713  286.339 
 1714  286.197 
 1715    286.2 
 1716  286.501 
 1717  286.433 
 1718  286.453 
 1719   286.27 
 1720  286.391 
 1721  286.416 
 1722  286.387 
 1723  286.447 
 1724  286.413 
 1725   286.28 
 1726  286.359 
 1727  286.451 
 1728  286.335 
 1729  286.339 
 1730   286.48 
 1731  286.421 
 1732  286.414 
 1733  286.354 
 1734  286.292 
 1735  286.354 
 1736  286.291 
 1737  286.381 
 1738  286.305 
 1739  286.105 
 1740  286.292 
 1741  286.367 
 1742  286.398 
 1743  286.494 
 1744  286.384 
 1745  286.372 
 1746   286.37 
 1747  286.315 
 1748  286.302 
 1749  286.274 
 1750   286.35 
 1751  286.279 
 1752  286.096 
 1753  286.124 
 1754  286.275 
 1755   286.26 
 1756  286.291 
 1757  286.517 
 1758  286.431 
 1759  286.239 
 1760  286.314 
 1761  286.425 
 1762  286.393 
 1763  286.176 
 1764  286.355 
 1765  286.322 
 1766  286.251 
 1767  286.093 
 1768  286.143 
 1769  286.312 
 1770  286.522 
 1771   286.41 
 1772  286.296 
 1773  286.327 
 1774  286.255 
 1775  286.178 
 1776  286.176 
 1777  286.286 
 1778  286.328 
 1779  286.272 
 1780  286.105 
 1781   286.26 
 1782  286.337 
 1783   286.47 
 1784  286.352 
 1785  286.313 
 1786  286.319 
 1787  286.463 
 1788  286.271 
 1789  286.416 
 1790  286.518 
 1791  286.526 
 1792  286.302 
 1793   286.32 
 1794  286.495 
 1795  286.526 
 1796   286.45 
 1797  286.375 
 1798  286.173 
 1799  286.273 
 1800   286.34 
 1801   286.38 
 1802  286.407 
 1803  286.477 
 1804  286.333 
 1805  286.263 
 1806  286.384 
 1807  286.353 
 1808  286.388 
 1809   286.39 
 1810  286.446 
 1811  286.273 
 1812  286.387 
 1813  286.414 
 1814  286.412 
 1815  286.316 
 1816  286.312 
 1817  286.266 
 1818  286.187 
 1819  286.334 
 1820  286.253 
 1821  286.249 
 1822  286.303 
 1823  286.234 
 1824  286.154 
 1825  286.321 
 1826  286.258 
 1827  286.179 
 1828  286.197 
 1829  286.177 
 1830   286.33 
 1831  286.315 
 1832  286.214 
 1833  286.139 
 1834  286.189 
 1835    286.3 
 1836   286.34 
 1837  286.313 
 1838  286.335 
 1839  286.384 
 1840  286.282 
 1841  286.329 
 1842   286.33 
 1843  286.267 
 1844  286.291 
 1845  286.505 
 1846  286.402 
 1847  286.371 
 1848  286.211 
 1849  286.219 
 1850  286.153 
 1851  286.147 
 1852  286.286 
 1853  286.569 
 1854  286.416 
 1855  286.206 
 1856  286.229 
 1857  286.339 
 1858  286.305 
 1859  286.339 
 1860  286.341 
 1861  286.269 
 1862  286.378 
 1863  286.335 
 1864  286.408 
 1865  286.492 
 1866  286.411 
 1867  286.309 
 1868  286.286 
 1869  286.305 
 1870  286.395 
 1871  286.269 
 1872  286.267 
 1873   286.31 
 1874  286.124 
 1875  286.212 
 1876  286.416 
 1877  286.511 
 1878  286.361 
 1879  286.339 
 1880  286.433 
 1881  286.464 
 1882  286.188 
 1883  286.139 
 1884  286.236 
 1885  286.372 
 1886  286.355 
 1887   286.32 
 1888  286.257 
 1889  286.355 
 1890  286.333 
 1891  286.357 
 1892  286.429 
 1893   286.32 
 1894  286.244 
 1895  286.215 
 1896  286.258 
 1897  286.305 
 1898  286.241 
 1899  286.346 
 1900  286.472 
 1901  286.446 
 1902  286.412 
 1903  286.261 
 1904  286.304 
 1905  286.299 
 1906  286.336 
 1907  286.409 
 1908  286.401 
 1909  286.316 
 1910  286.213 
 1911  286.267 
 1912  286.304 
 1913  286.392 
 1914  286.317 
 1915  286.306 
 1916  286.343 
 1917  286.346 
 1918  286.138 
 1919  286.154 
 1920  286.242 
 1921  286.179 
 1922  286.258 
 1923   286.15 
 1924  286.086 
 1925  286.194 
 1926  286.204 
 1927  286.319 
 1928  286.293 
 1929  286.198 
 1930  286.264 
 1931  286.261 
 1932  286.276 
 1933  286.265 
 1934  286.344 
 1935  286.268 
 1936  286.306 
 1937  286.341 
 1938  286.405 
 1939  286.317 
 1940  286.476 
 1941  286.373 
 1942  286.363 
 1943  286.334 
 1944  286.384 
 1945  286.354 
 1946  286.389 
 1947  286.447 
 1948   286.23 
 1949  286.133 
 1950  286.214 
 1951  286.285 
 1952  286.383 
 1953  286.316 
 1954  286.347 
 1955  286.351 
 1956  286.236 
 1957  286.285 
 1958  286.299 
 1959  286.184 
 1960  286.248 
 1961  286.315 
 1962  286.227 
 1963  286.302 
 1964  286.278 
 1965  286.336 
 1966  286.378 
 1967  286.359 
 1968  286.353 
 1969  286.391 
 1970  286.193 
 1971  286.239 
 1972  286.283 
 1973  286.378 
 1974  286.464 
 1975  286.285 
 1976  286.328 
 1977  286.306 
 1978  286.311 
 1979  286.355 
 1980  286.376 
 1981  286.438 
 1982  286.473 
 1983  286.517 
 1984  286.415 
 1985  286.266 
 1986  286.357 
 1987  286.352 
 1988  286.357 
 1989  286.319 
 1990  286.413 
 1991  286.561 
 1992  286.331 
 1993  286.198 
 1994  286.183 
 1995  286.379 
 1996  286.431 
 1997  286.356 
 1998  286.151 
 1999  286.148 
 2000  286.258 
 2001  286.352 
 2002  286.202 
 2003   286.34 
 2004  286.396 
 2005  286.349 
 2006  286.325 
 2007  286.313 
 2008  286.415 
 2009   286.43 
 2010  286.284 
 2011  286.372 
 2012  286.293 
 2013  286.486 
 2014  286.421 
 2015  286.483 
 2016   286.46 
 2017  286.302 
 2018  286.379 
 2019  286.306 
 2020  286.336 
 2021  286.407 
 2022  286.238 
 2023  286.325 
 2024  286.455 
 2025  286.482 
 2026  286.437 
 2027  286.324 
 2028  286.427 
 2029  286.504 
 2030  286.444 
 2031  286.348 
 2032    286.3 
 2033   286.58 
 2034  286.586 
 2035  286.316 
 2036  286.246 
 2037   286.25 
 2038  286.156 
 2039  286.281 
 2040   286.16 
 2041  286.285 
 2042   286.38 
 2043  286.283 
 2044  286.251 
 2045  286.375 
 2046  286.457 
 2047  286.377 
 2048  286.258 
 2049  286.245 
 2050  286.137 
 2051  286.224 
 2052  286.245 
 2053  286.263 
 2054   286.33 
 2055  286.374 
 2056  286.379 
 2057  286.609 
 2058  286.461 
 2059  286.244 
 2060  286.173 
 2061  286.163 
 2062  286.158 
 2063  286.298 
 2064  286.431 
 2065  286.353 
 2066   286.27 
 2067    286.1 
 2068  286.047 
 2069  286.145 
 2070  286.093 
 2071  286.113 
 2072  286.072 
 2073  286.143 
 2074  286.131 
 2075  286.083 
 2076  286.128 
 2077  286.124 
 2078  286.163 
 2079  286.237 
 2080  286.309 
 2081  286.288 
 2082  286.258 
 2083  286.277 
 2084  286.218 
 2085  286.262 
 2086  286.397 
 2087  286.285 
 2088  286.266 
 2089    286.3 
 2090  286.343 
 2091  286.301 
 2092  286.276 
 2093  286.335 
 2094  286.402 
 2095  286.386 
 2096  286.444 
 2097  286.432 
 2098  286.412 
 2099  286.481 
 2100  286.461 
