#      year    tas (K) 
 2015  287.646 
 2016  287.794 
 2017  287.839 
 2018  288.039 
 2019   288.12 
 2020  287.935 
 2021  287.769 
 2022  287.907 
 2023  287.914 
 2024  287.814 
 2025   287.96 
 2026   288.13 
 2027  288.077 
 2028  287.962 
 2029  287.995 
 2030   288.05 
 2031  288.162 
 2032  288.201 
 2033  288.308 
 2034  288.252 
 2035  288.266 
 2036  288.296 
 2037   288.31 
 2038  288.158 
 2039  288.266 
 2040  288.411 
 2041  288.304 
 2042  288.314 
 2043  288.423 
 2044  288.486 
 2045  288.389 
 2046  288.456 
 2047  288.534 
 2048  288.465 
 2049  288.612 
 2050  288.774 
 2051  288.967 
 2052  288.931 
 2053  288.948 
 2054  288.863 
 2055  288.854 
 2056  288.838 
 2057  288.923 
 2058  289.063 
 2059  289.121 
 2060  288.916 
 2061  288.922 
 2062  289.016 
 2063  289.146 
 2064  289.071 
 2065  288.985 
 2066  289.133 
 2067  289.373 
 2068  289.431 
 2069  289.456 
 2070  289.357 
 2071  289.325 
 2072   289.45 
 2073  289.502 
 2074   289.48 
 2075   289.47 
 2076  289.564 
 2077   289.41 
 2078  289.524 
 2079   289.59 
 2080  289.502 
 2081  289.473 
 2082  289.559 
 2083   289.81 
 2084   289.81 
 2085  289.871 
 2086  289.792 
 2087  289.745 
 2088  290.001 
 2089  290.148 
 2090   290.15 
 2091  290.204 
 2092  290.053 
 2093  290.228 
 2094  290.305 
 2095  290.358 
 2096  290.295 
 2097  290.294 
 2098   290.37 
 2099  290.466 
 2100    290.5 
