#      year    tas (K) 
 1601  286.738 
 1602  286.797 
 1603  286.783 
 1604  286.881 
 1605   286.75 
 1606   286.64 
 1607  286.865 
 1608   286.79 
 1609  286.646 
 1610  286.685 
 1611  286.718 
 1612  286.686 
 1613  286.891 
 1614  286.977 
 1615  286.846 
 1616  286.762 
 1617  286.745 
 1618  286.747 
 1619  286.718 
 1620  286.695 
 1621   286.78 
 1622  286.682 
 1623  286.616 
 1624  286.593 
 1625  286.595 
 1626  286.564 
 1627  286.601 
 1628  286.697 
 1629  286.782 
 1630  286.915 
 1631  286.847 
 1632   286.88 
 1633  286.888 
 1634  286.839 
 1635  286.864 
 1636  286.747 
 1637  286.746 
 1638  286.929 
 1639  286.861 
 1640  286.751 
 1641  286.768 
 1642  286.792 
 1643  286.739 
 1644   286.81 
 1645  286.832 
 1646  286.804 
 1647  286.733 
 1648   286.83 
 1649  286.872 
 1650  286.778 
 1651  286.751 
 1652  286.774 
 1653  286.888 
 1654  286.868 
 1655  286.665 
 1656  286.729 
 1657  286.812 
 1658  286.777 
 1659   286.81 
 1660  286.874 
 1661  286.787 
 1662  286.732 
 1663  286.761 
 1664  286.715 
 1665  286.725 
 1666  286.712 
 1667  286.535 
 1668  286.775 
 1669  286.699 
 1670  286.855 
 1671  286.823 
 1672  286.815 
 1673   286.57 
 1674   286.63 
 1675  286.732 
 1676  286.762 
 1677  286.738 
 1678  286.693 
 1679  286.602 
 1680  286.597 
 1681  286.626 
 1682  286.659 
 1683  286.576 
 1684  286.605 
 1685   286.59 
 1686  286.613 
 1687  286.609 
 1688  286.684 
 1689  286.639 
 1690   286.64 
 1691  286.604 
 1692  286.607 
 1693   286.72 
 1694  286.709 
 1695    286.8 
 1696  286.829 
 1697  286.684 
 1698  286.696 
 1699   286.67 
 1700  286.733 
 1701  286.644 
 1702  286.654 
 1703  286.671 
 1704  286.668 
 1705   286.69 
 1706  286.744 
 1707  286.722 
 1708  286.687 
 1709  286.747 
 1710  286.686 
 1711  286.641 
 1712  286.727 
 1713  286.607 
 1714  286.821 
 1715  286.658 
 1716  286.705 
 1717  286.617 
 1718  286.654 
 1719  286.539 
 1720  286.667 
 1721  286.701 
 1722  286.563 
 1723  286.586 
 1724  286.564 
 1725  286.589 
 1726  286.749 
 1727  286.693 
 1728  286.705 
 1729  286.607 
 1730  286.603 
 1731  286.575 
 1732  286.785 
 1733  286.694 
 1734  286.664 
 1735  286.576 
 1736  286.589 
 1737  286.608 
 1738  286.624 
 1739  286.654 
 1740  286.725 
 1741  286.801 
 1742  286.875 
 1743  286.926 
 1744  286.882 
 1745   286.75 
 1746  286.573 
 1747  286.639 
 1748  286.655 
 1749  286.783 
 1750  286.709 
 1751  286.758 
 1752   286.79 
 1753  286.793 
 1754  286.807 
 1755  286.874 
 1756   286.86 
 1757  286.805 
 1758  286.875 
 1759  286.707 
 1760  286.795 
 1761  286.834 
 1762  286.817 
 1763  286.847 
 1764  286.729 
 1765  286.754 
 1766  286.646 
 1767   286.73 
 1768  286.768 
 1769  286.772 
 1770  286.826 
 1771  286.723 
 1772  286.695 
 1773  286.787 
 1774  286.706 
 1775  286.733 
 1776  286.689 
 1777   286.67 
 1778   286.75 
 1779  286.727 
 1780  286.762 
 1781  286.682 
 1782  286.721 
 1783  286.771 
 1784  286.765 
 1785  286.974 
 1786  286.934 
 1787   286.85 
 1788  286.777 
 1789  286.875 
 1790  286.782 
 1791  286.665 
 1792  286.706 
 1793  286.847 
 1794  286.882 
 1795  286.849 
 1796  286.718 
 1797  286.743 
 1798  286.753 
 1799  286.697 
 1800   286.68 
 1801  286.594 
 1802  286.732 
 1803  286.792 
 1804  286.721 
 1805   286.81 
 1806  286.682 
 1807  286.648 
 1808  286.706 
 1809  286.764 
 1810  287.033 
 1811   286.83 
 1812  286.907 
 1813  286.777 
 1814  286.804 
 1815  286.828 
 1816  286.799 
 1817  286.784 
 1818  286.794 
 1819    286.8 
 1820  286.863 
 1821  286.767 
 1822   286.77 
 1823  286.665 
 1824  286.711 
 1825  286.797 
 1826  286.845 
 1827  286.768 
 1828  286.792 
 1829  286.702 
 1830   286.78 
 1831  286.842 
 1832  286.844 
 1833  286.747 
 1834   286.77 
 1835  286.779 
 1836  286.797 
 1837  286.913 
 1838  286.818 
 1839  286.777 
 1840  286.786 
 1841   286.76 
 1842  286.855 
 1843  286.714 
 1844   286.73 
 1845  286.608 
 1846  286.633 
 1847  286.801 
 1848  286.743 
 1849  286.786 
 1850  286.904 
 1851  286.978 
 1852  286.847 
 1853  286.758 
 1854   286.76 
 1855  286.774 
 1856  286.763 
 1857  286.612 
 1858  286.637 
 1859  286.682 
 1860   286.72 
 1861  286.825 
 1862  286.754 
 1863  286.683 
 1864  286.733 
 1865  286.889 
 1866  286.799 
 1867  286.776 
 1868  286.808 
 1869  286.891 
 1870  286.832 
 1871   286.63 
 1872  286.557 
 1873  286.647 
 1874  286.687 
 1875  286.601 
 1876  286.426 
 1877  286.425 
 1878  286.452 
 1879  286.486 
 1880  286.404 
 1881  286.449 
 1882  286.523 
 1883  286.437 
 1884  286.564 
 1885  286.464 
 1886  286.445 
 1887  286.384 
 1888   286.35 
 1889  286.553 
 1890  286.586 
 1891  286.552 
 1892  286.462 
 1893  286.548 
 1894  286.524 
 1895  286.651 
 1896  286.615 
 1897  286.651 
 1898  286.709 
 1899  286.845 
 1900  286.875 
 1901  286.628 
 1902  286.692 
 1903  286.612 
 1904  286.651 
 1905  286.565 
 1906  286.703 
 1907  286.709 
 1908  286.805 
 1909  286.797 
 1910  286.717 
 1911  286.564 
 1912  286.812 
 1913  286.822 
 1914  286.887 
 1915  286.866 
 1916  286.936 
 1917  286.872 
 1918  286.905 
 1919  286.822 
 1920  286.854 
 1921  286.947 
 1922   286.84 
 1923  286.832 
 1924  286.737 
 1925  286.733 
 1926  286.657 
 1927  286.675 
 1928  286.773 
 1929  286.725 
 1930  286.594 
 1931  286.652 
 1932  286.669 
 1933  286.557 
 1934  286.628 
 1935  286.723 
 1936  286.796 
 1937  286.736 
 1938  286.657 
 1939   286.66 
 1940   286.74 
 1941  286.754 
 1942  286.659 
 1943   286.73 
 1944  286.702 
 1945  286.716 
 1946  286.654 
 1947  286.715 
 1948  286.725 
 1949  286.697 
 1950  286.719 
 1951  286.705 
 1952  286.627 
 1953  286.681 
 1954  286.851 
 1955  286.736 
 1956  286.504 
 1957  286.558 
 1958  286.701 
 1959  286.679 
 1960  286.824 
 1961  286.902 
 1962  286.765 
 1963   286.69 
 1964  286.774 
 1965  286.746 
 1966  286.613 
 1967  286.683 
 1968  286.801 
 1969   286.71 
 1970  286.806 
 1971  286.729 
 1972  286.737 
 1973  286.843 
 1974   286.83 
 1975  286.784 
 1976  286.572 
 1977  286.757 
 1978  286.818 
 1979  286.671 
 1980  286.562 
 1981  286.642 
 1982  286.811 
 1983  286.827 
 1984  286.779 
 1985  286.849 
 1986  286.788 
 1987  286.639 
 1988  286.648 
 1989  286.793 
 1990   286.85 
 1991  286.751 
 1992  286.694 
 1993   286.83 
 1994  286.857 
 1995  286.869 
 1996  286.786 
 1997  286.815 
 1998  286.787 
 1999  286.727 
 2000  286.872 
 2001  286.797 
 2002  286.883 
 2003  286.711 
 2004  286.623 
 2005  286.539 
 2006   286.53 
 2007  286.613 
 2008  286.649 
 2009  286.813 
 2010  286.818 
 2011  286.752 
 2012  286.749 
 2013  286.706 
 2014  286.408 
 2015   286.49 
 2016  286.683 
 2017  286.788 
 2018  286.725 
 2019  286.641 
 2020  286.667 
 2021  286.684 
 2022   286.83 
 2023  286.779 
 2024    286.8 
 2025  286.827 
 2026  286.852 
 2027  286.875 
 2028  286.721 
 2029  286.793 
 2030  286.733 
 2031  286.874 
 2032  286.787 
 2033  286.802 
 2034  286.624 
 2035  286.836 
 2036  286.874 
 2037  286.737 
 2038  286.683 
 2039  286.737 
 2040  286.652 
 2041  286.757 
 2042  286.819 
 2043  286.801 
 2044  286.726 
 2045   286.65 
 2046  286.659 
 2047  286.662 
 2048  286.662 
 2049  286.673 
 2050  286.801 
 2051  286.721 
 2052  286.717 
 2053  286.739 
 2054  286.689 
 2055  286.837 
 2056  286.744 
 2057  286.647 
 2058  286.792 
 2059  286.662 
 2060   286.78 
 2061  286.685 
 2062  286.774 
 2063  286.679 
 2064  286.678 
 2065  286.734 
 2066  286.785 
 2067  286.658 
 2068  286.679 
 2069  286.695 
 2070  286.727 
 2071  286.798 
 2072   286.72 
 2073  286.662 
 2074  286.797 
 2075  286.869 
 2076  286.649 
 2077  286.611 
 2078  286.653 
 2079  286.791 
 2080  286.815 
 2081  286.713 
 2082  286.608 
 2083  286.545 
 2084   286.61 
 2085  286.646 
 2086  286.668 
 2087  286.701 
 2088  286.771 
 2089  286.754 
 2090  286.808 
 2091  286.808 
 2092  286.777 
 2093  286.842 
 2094  286.914 
 2095   286.81 
 2096  286.762 
 2097  286.572 
 2098  286.647 
 2099  286.701 
 2100  286.703 
