#      year    tas (K) 
 2015  287.883 
 2016  287.946 
 2017  288.115 
 2018  288.121 
 2019  288.104 
 2020   287.95 
 2021  287.991 
 2022  288.166 
 2023  288.164 
 2024  288.218 
 2025  288.264 
 2026  288.399 
 2027  288.301 
 2028   288.31 
 2029  288.274 
 2030  288.333 
 2031  288.375 
 2032  288.274 
 2033  288.273 
 2034  288.392 
 2035  288.455 
 2036  288.481 
 2037  288.626 
 2038  288.483 
 2039  288.668 
 2040  288.781 
 2041  288.802 
 2042  288.638 
 2043  288.753 
 2044  288.697 
 2045  288.844 
 2046  288.778 
 2047  288.985 
 2048  289.064 
 2049  288.991 
 2050  289.023 
 2051  289.148 
 2052  289.121 
 2053  289.302 
 2054  289.321 
 2055  289.171 
 2056  289.255 
 2057  289.395 
 2058  289.431 
 2059  289.272 
 2060  289.229 
 2061  289.485 
 2062   289.45 
 2063  289.393 
 2064  289.491 
 2065  289.371 
 2066  289.534 
 2067  289.758 
 2068    289.6 
 2069  289.821 
 2070  289.905 
 2071  289.876 
 2072  289.881 
 2073  289.846 
 2074  290.071 
 2075   289.92 
 2076  289.831 
 2077   289.97 
 2078  290.064 
 2079   289.98 
 2080  289.986 
 2081  290.041 
 2082  290.183 
 2083  290.121 
 2084  290.174 
 2085  290.408 
 2086  290.345 
 2087  290.391 
 2088  290.501 
 2089  290.499 
 2090  290.429 
 2091  290.545 
 2092  290.499 
 2093   290.58 
 2094  290.623 
 2095  290.681 
 2096  290.606 
 2097  290.658 
 2098  290.487 
 2099  290.715 
 2100  290.869 
