#      year    tas (K) 
 1601  286.902 
 1602  286.859 
 1603  286.824 
 1604  286.835 
 1605  286.892 
 1606  286.857 
 1607   286.93 
 1608  286.885 
 1609  286.844 
 1610  286.821 
 1611  286.867 
 1612  286.844 
 1613   286.84 
 1614  286.792 
 1615  286.832 
 1616  286.996 
 1617  287.235 
 1618  287.136 
 1619  287.114 
 1620  286.947 
 1621  286.927 
 1622  286.895 
 1623   286.84 
 1624  286.838 
 1625  286.793 
 1626  286.887 
 1627  286.911 
 1628  286.848 
 1629  286.886 
 1630  287.125 
 1631   286.97 
 1632   287.02 
 1633  287.109 
 1634  286.998 
 1635  286.854 
 1636    286.9 
 1637   287.04 
 1638  286.936 
 1639  286.994 
 1640  287.067 
 1641  286.871 
 1642  286.873 
 1643  286.872 
 1644  286.864 
 1645   286.61 
 1646  286.783 
 1647  286.816 
 1648  286.787 
 1649  286.855 
 1650   286.73 
 1651  286.816 
 1652  286.788 
 1653  286.834 
 1654  286.913 
 1655  286.829 
 1656  286.829 
 1657  286.934 
 1658  286.848 
 1659  286.807 
 1660  286.829 
 1661   286.79 
 1662  286.762 
 1663  286.855 
 1664  286.903 
 1665  286.805 
 1666  286.831 
 1667   286.79 
 1668  286.883 
 1669   286.84 
 1670   286.78 
 1671  286.896 
 1672  286.909 
 1673  286.851 
 1674  286.877 
 1675  286.788 
 1676  286.776 
 1677  286.866 
 1678  286.799 
 1679   286.74 
 1680  286.755 
 1681  286.784 
 1682  286.786 
 1683  286.779 
 1684   286.83 
 1685  286.839 
 1686  286.848 
 1687  286.859 
 1688  286.729 
 1689  286.698 
 1690  286.691 
 1691  286.817 
 1692  286.853 
 1693  286.821 
 1694  286.874 
 1695  287.024 
 1696  286.885 
 1697  286.933 
 1698  286.984 
 1699  287.109 
 1700   287.11 
 1701  286.958 
 1702  286.939 
 1703  286.973 
 1704  286.886 
 1705  286.922 
 1706  286.948 
 1707  286.865 
 1708  286.877 
 1709  286.896 
 1710  286.901 
 1711  286.792 
 1712  286.868 
 1713  286.959 
 1714  286.917 
 1715  286.832 
 1716  286.808 
 1717  286.873 
 1718  286.988 
 1719  286.883 
 1720  286.897 
 1721  287.084 
 1722  286.813 
 1723  286.867 
 1724  286.917 
 1725  286.765 
 1726  286.795 
 1727  286.914 
 1728  286.913 
 1729  286.812 
 1730  286.866 
 1731  287.087 
 1732   287.04 
 1733  286.939 
 1734  286.943 
 1735  287.039 
 1736  287.025 
 1737  287.082 
 1738  286.996 
 1739  287.038 
 1740  286.999 
 1741  286.916 
 1742  286.855 
 1743  286.821 
 1744  286.879 
 1745  286.922 
 1746  286.905 
 1747  286.955 
 1748  287.011 
 1749  286.949 
 1750   286.94 
 1751  287.052 
 1752  287.056 
 1753  286.865 
 1754  286.912 
 1755  287.088 
 1756  287.212 
 1757  286.989 
 1758  287.179 
 1759  287.058 
 1760  286.967 
 1761  286.915 
 1762  286.965 
 1763  286.867 
 1764  286.956 
 1765  286.905 
 1766   286.99 
 1767  286.871 
 1768  286.887 
 1769  287.026 
 1770  287.006 
 1771  287.014 
 1772  286.996 
 1773  286.926 
 1774  286.904 
 1775  287.023 
 1776    286.9 
 1777  286.878 
 1778  286.894 
 1779  286.924 
 1780  287.005 
 1781  286.929 
 1782  286.932 
 1783  287.032 
 1784   286.87 
 1785  286.855 
 1786  286.812 
 1787  286.898 
 1788   286.98 
 1789  287.036 
 1790  286.918 
 1791  286.955 
 1792  286.763 
 1793  286.946 
 1794  286.998 
 1795  286.887 
 1796   286.85 
 1797  286.969 
 1798  287.021 
 1799  286.924 
 1800  286.966 
 1801  286.902 
 1802   286.86 
 1803  286.825 
 1804  286.835 
 1805  286.892 
 1806  286.857 
 1807   286.93 
 1808  286.885 
 1809  286.844 
 1810  286.821 
 1811  286.868 
 1812  286.844 
 1813   286.84 
 1814  286.792 
 1815  286.831 
 1816  286.995 
 1817  287.235 
 1818  287.136 
 1819  287.114 
 1820  286.947 
 1821  286.927 
 1822  286.896 
 1823   286.84 
 1824  286.839 
 1825  286.793 
 1826  286.888 
 1827  286.912 
 1828  286.848 
 1829  286.886 
 1830  287.126 
 1831  286.971 
 1832  287.021 
 1833  287.109 
 1834  286.999 
 1835  286.855 
 1836  286.901 
 1837  287.042 
 1838  286.936 
 1839  286.995 
 1840  287.069 
 1841  286.872 
 1842  286.874 
 1843  286.873 
 1844  286.865 
 1845  286.609 
 1846  286.783 
 1847  286.816 
 1848  286.787 
 1849  286.854 
 1850   286.73 
 1851  286.815 
 1852  286.787 
 1853  286.835 
 1854  286.913 
 1855  286.829 
 1856  286.829 
 1857  286.933 
 1858  286.848 
 1859  286.807 
 1860  286.829 
 1861   286.79 
 1862  286.762 
 1863  286.854 
 1864  286.902 
 1865  286.804 
 1866  286.829 
 1867  286.788 
 1868  286.882 
 1869  286.838 
 1870  286.779 
 1871  286.894 
 1872  286.908 
 1873  286.852 
 1874  286.878 
 1875  286.788 
 1876  286.777 
 1877  286.866 
 1878  286.799 
 1879  286.739 
 1880  286.755 
 1881  286.783 
 1882  286.785 
 1883  286.778 
 1884  286.829 
 1885  286.838 
 1886  286.846 
 1887  286.857 
 1888  286.727 
 1889  286.702 
 1890  286.695 
 1891   286.82 
 1892  286.857 
 1893  286.824 
 1894  286.877 
 1895  287.027 
 1896  286.888 
 1897  286.935 
 1898  286.987 
 1899  287.112 
 1900  287.112 
 1901  286.961 
 1902  286.942 
 1903  286.976 
 1904  286.889 
 1905  286.925 
 1906   286.95 
 1907  286.868 
 1908   286.88 
 1909  286.897 
 1910  286.902 
 1911  286.792 
 1912  286.868 
 1913  286.959 
 1914  286.917 
 1915  286.831 
 1916  286.807 
 1917  286.873 
 1918  286.987 
 1919  286.881 
 1920  286.895 
 1921  287.082 
 1922  286.812 
 1923  286.866 
 1924  286.915 
 1925  286.767 
 1926  286.796 
 1927  286.916 
 1928  286.915 
 1929  286.813 
 1930  286.867 
 1931  287.089 
 1932  287.042 
 1933  286.941 
 1934  286.945 
 1935  287.041 
 1936  287.027 
 1937  287.084 
 1938  286.998 
 1939   287.04 
 1940      287 
 1941  286.918 
 1942  286.856 
 1943  286.822 
 1944  286.881 
 1945  286.925 
 1946  286.908 
 1947  286.959 
 1948  287.014 
 1949  286.953 
 1950  286.944 
 1951  287.056 
 1952   287.06 
 1953   286.87 
 1954  286.918 
 1955  287.094 
 1956  287.217 
 1957  286.995 
 1958  287.184 
 1959  287.065 
 1960  286.973 
 1961  286.911 
 1962  286.961 
 1963  286.863 
 1964  286.953 
 1965  286.902 
 1966  286.986 
 1967  286.868 
 1968  286.884 
 1969  287.022 
 1970  287.002 
 1971  287.011 
 1972  286.993 
 1973  286.924 
 1974    286.9 
 1975   287.02 
 1976  286.899 
 1977  286.876 
 1978  286.893 
 1979  286.922 
 1980  287.002 
 1981  286.926 
 1982   286.93 
 1983   287.03 
 1984  286.868 
 1985  286.854 
 1986  286.811 
 1987  286.896 
 1988  286.978 
 1989  287.034 
 1990  286.916 
 1991  286.954 
 1992  286.762 
 1993  286.944 
 1994  286.998 
 1995  286.886 
 1996   286.85 
 1997  286.971 
 1998  287.022 
 1999  286.924 
 2000  286.964 
 2001  286.903 
 2002   286.86 
 2003  286.826 
 2004  286.836 
 2005  286.893 
 2006  286.858 
 2007  286.931 
 2008  286.886 
 2009  286.845 
 2010  286.822 
 2011  286.869 
 2012  286.845 
 2013  286.841 
 2014  286.792 
 2015  286.833 
 2016  286.997 
 2017  287.236 
 2018  287.137 
 2019  287.115 
 2020  286.948 
 2021  286.928 
 2022  286.896 
 2023  286.841 
 2024  286.839 
 2025  286.794 
 2026  286.888 
 2027  286.912 
 2028  286.849 
 2029  286.887 
 2030  287.126 
 2031  286.971 
 2032  287.021 
 2033  287.107 
 2034  286.996 
 2035  286.853 
 2036  286.899 
 2037   287.04 
 2038  286.935 
 2039  286.994 
 2040  287.067 
 2041  286.871 
 2042  286.873 
 2043  286.872 
 2044  286.864 
 2045   286.61 
 2046  286.783 
 2047  286.816 
 2048  286.787 
 2049  286.855 
 2050   286.73 
 2051  286.816 
 2052  286.788 
 2053  286.834 
 2054  286.913 
 2055  286.829 
 2056  286.829 
 2057  286.933 
 2058  286.848 
 2059  286.807 
 2060  286.829 
 2061  286.791 
 2062  286.762 
 2063  286.855 
 2064  286.903 
 2065  286.806 
 2066  286.831 
 2067  286.789 
 2068  286.882 
 2069  286.838 
 2070  286.779 
 2071  286.894 
 2072  286.908 
 2073  286.853 
 2074  286.879 
 2075  286.789 
 2076  286.778 
 2077  286.868 
 2078  286.801 
 2079  286.741 
 2080  286.756 
 2081  286.785 
 2082  286.787 
 2083   286.78 
 2084  286.831 
 2085   286.84 
 2086  286.849 
 2087   286.86 
 2088  286.729 
 2089  286.699 
 2090  286.692 
 2091  286.817 
 2092  286.853 
 2093  286.821 
 2094  286.873 
 2095  287.024 
 2096  286.885 
 2097  286.932 
 2098  286.984 
 2099  287.109 
 2100   287.11 
