#      year    tas (K) 
 2015  287.728 
 2016  287.821 
 2017  287.868 
 2018  287.827 
 2019  288.035 
 2020  287.835 
 2021  287.926 
 2022  288.034 
 2023  288.065 
 2024  287.925 
 2025   287.99 
 2026   288.06 
 2027  288.219 
 2028  288.176 
 2029  288.048 
 2030  288.326 
 2031  288.341 
 2032  288.322 
 2033  288.232 
 2034  288.477 
 2035  288.266 
 2036  288.051 
 2037  288.161 
 2038  288.289 
 2039  288.452 
 2040  288.405 
 2041  288.541 
 2042   288.51 
 2043  288.819 
 2044  288.588 
 2045  288.674 
 2046  288.768 
 2047  288.824 
 2048  288.757 
 2049   288.86 
 2050  288.862 
 2051  288.765 
 2052  288.825 
 2053  288.944 
 2054   288.84 
 2055  289.016 
 2056  288.813 
 2057   289.06 
 2058  289.105 
 2059  289.128 
 2060  289.251 
 2061  289.224 
 2062  289.409 
 2063  289.508 
 2064  289.473 
 2065  289.515 
 2066   289.55 
 2067  289.627 
 2068  289.651 
 2069  289.837 
 2070  289.617 
 2071  289.718 
 2072  289.768 
 2073  289.869 
 2074  289.972 
 2075  290.139 
 2076  290.118 
 2077  290.219 
 2078  290.117 
 2079  290.356 
 2080   290.36 
 2081  290.534 
 2082  290.343 
 2083  290.565 
 2084  290.722 
 2085  290.611 
 2086  290.661 
 2087  290.748 
 2088   290.76 
 2089  290.906 
 2090  290.883 
 2091  290.711 
 2092  290.984 
 2093  291.275 
 2094  291.163 
 2095  291.112 
 2096  291.326 
 2097  291.349 
 2098  291.408 
 2099  291.396 
 2100  291.445 
