#      year    tas (K) 
 2015  288.146 
 2016  288.181 
 2017  288.107 
 2018  288.264 
 2019  288.412 
 2020  288.373 
 2021  288.386 
 2022  288.538 
 2023  288.552 
 2024  288.477 
 2025  288.557 
 2026  288.664 
 2027   288.86 
 2028  288.786 
 2029  288.761 
 2030  288.927 
 2031  288.972 
 2032  289.045 
 2033    289.2 
 2034  289.264 
 2035  289.275 
 2036  289.318 
 2037  289.351 
 2038  289.403 
 2039  289.507 
 2040    289.7 
 2041  289.712 
 2042  289.673 
 2043  289.749 
 2044  289.739 
 2045  289.782 
 2046  289.969 
 2047   290.11 
 2048  290.129 
 2049  290.127 
 2050  290.212 
 2051  290.474 
 2052  290.519 
 2053  290.454 
 2054  290.542 
 2055  290.704 
 2056  290.719 
 2057  290.767 
 2058  290.693 
 2059  290.903 
 2060   291.11 
 2061  291.117 
 2062  291.182 
 2063  291.343 
 2064  291.424 
 2065  291.491 
 2066  291.523 
 2067  291.629 
 2068  291.554 
 2069   291.72 
 2070  291.949 
 2071  291.962 
 2072  292.151 
 2073  292.128 
 2074  291.946 
 2075  292.113 
 2076   292.41 
 2077  292.387 
 2078  292.472 
 2079   292.58 
 2080  292.677 
 2081   292.74 
 2082  292.813 
 2083  292.862 
 2084  293.001 
 2085  293.045 
 2086  293.062 
 2087  293.205 
 2088  293.328 
 2089  293.608 
 2090  293.562 
 2091  293.535 
 2092  293.621 
 2093  293.659 
 2094  293.815 
 2095  294.038 
 2096  294.109 
 2097  294.129 
 2098  294.286 
 2099  294.132 
 2100  294.276 
